# t (s)	mx ()	my ()	mz ()	B_extx (T)	B_exty (T)	B_extz (T)	mx ()	my ()	mz ()	E_anis (J)	E_demag (J)	E_exch (J)	E_total (J)	m_zrange1_x ()	m_zrange1_y ()	m_zrange1_z ()	m_zrange0_x ()	m_zrange0_y ()	m_zrange0_z ()
0	0	0	1	0	0	1	0	0	1	-1.7814926e-13	2.221299e-15	-0	-1.8300585e-13	0	0	1	0	0	1
0	0.00017247073	-0.00016265447	0.9999713	0	0	0.94999886	0.00017247073	-0.00016265447	0.9999713	-1.7814976e-13	2.221182e-15	1.1683219e-19	-1.8265226e-13	0.00034491855	-0.0003252873	0.99994254	2.292239e-08	-2.1617751e-08	1
0	0.00018146093	-0.00017113694	0.9999691	0	0	0.900001	0.00018146093	-0.00017113696	0.9999691	-1.7814977e-13	2.2211722e-15	1.2257395e-19	-1.8229839e-13	0.00036289773	-0.00034225112	0.99993813	2.4129266e-08	-2.2756462e-08	1
0	0.00019143723	-0.00018054992	0.9999667	0	0	0.849999	0.00019143723	-0.00018054992	0.9999666	-1.7814977e-13	2.221162e-15	1.2885127e-19	-1.8194449e-13	0.00038284896	-0.00036107583	0.9999333	2.5468532e-08	-2.4020107e-08	1
0	0.00020257507	-0.00019105898	0.9999639	0	0	0.8000007	0.00020257509	-0.00019105898	0.9999639	-1.7814979e-13	2.2211504e-15	1.3574243e-19	-1.8159061e-13	0.00040512322	-0.00038209252	0.99992776	2.6963749e-08	-2.54309e-08	1
0	0.00021508802	-0.00020286537	0.99996066	0	0	0.75	0.00021508802	-0.00020286538	0.9999608	-1.7814981e-13	2.221137e-15	1.4334196e-19	-1.8123674e-13	0.00043014743	-0.00040570373	0.9999214	2.8643584e-08	-2.7015876e-08	1
0	0.00022924734	-0.00021622503	0.9999571	0	0	0.69999945	0.00022924734	-0.00021622503	0.9999571	-1.7814981e-13	2.2211216e-15	1.5176505e-19	-1.8088288e-13	0.00045846408	-0.00043242128	0.9999142	3.054445e-08	-2.8809389e-08	1
0	0.00024540088	-0.00023146602	0.9999529	0	0	0.6500008	0.00024540088	-0.00023146602	0.9999529	-1.7814987e-13	2.2211033e-15	1.6115418e-19	-1.8052901e-13	0.00049076905	-0.0004629012	0.99990577	3.2713054e-08	-3.0855485e-08	1
0	0.00026400195	-0.00024901572	0.9999479	0	0	0.59999925	0.00026400198	-0.00024901572	0.9999479	-1.7814987e-13	2.2210824e-15	1.7168736e-19	-1.8017512e-13	0.00052796875	-0.00049799826	0.99989593	3.5210263e-08	-3.3211546e-08	1
0	0.00028565258	-0.00026944137	0.99994206	0	0	0.5499998	0.00028565258	-0.00026944137	0.99994206	-1.7814987e-13	2.2210572e-15	1.8359064e-19	-1.7982123e-13	0.00057126704	-0.0005388468	0.9998842	3.8116895e-08	-3.5953715e-08	1
0	0.0003111692	-0.00029351228	0.9999351	0	0	0.5	0.0003111692	-0.00029351228	0.9999351	-1.7814988e-13	2.2210271e-15	1.9715575e-19	-1.7946736e-13	0.0006222968	-0.0005869853	0.99987	4.154257e-08	-3.9185302e-08	1
0	0.00034168788	-0.0003222977	0.99992645	0	0	0.4500005	0.00034168788	-0.0003222977	0.9999265	-1.7814988e-13	2.22099e-15	2.1276694e-19	-1.7911349e-13	0.0006833301	-0.00064455235	0.99985284	4.5639805e-08	-4.3049848e-08	1
0	0.0003788371	-0.00035733043	0.99991584	0	0	0.40000036	0.00037883708	-0.00035733043	0.99991584	-1.7814988e-13	2.2209445e-15	2.3094198e-19	-1.7875962e-13	0.0007576235	-0.0007146131	0.99983156	5.0627232e-08	-4.7753144e-08	1
0	0.000425044	-0.00040089182	0.9999023	0	0	0.34999973	0.00042504404	-0.00040089182	0.9999023	-1.7814988e-13	2.2208867e-15	2.5239889e-19	-1.7840575e-13	0.00085003127	-0.00080172997	0.9998046	5.683074e-08	-5.3601493e-08	1
0	0.00048407877	-0.0004565224	0.9998847	0	0	0.29999962	0.00048407877	-0.0004565224	0.9998847	-1.7814988e-13	2.220811e-15	2.7816717e-19	-1.7805191e-13	0.0009680927	-0.00091298367	0.99976945	6.475647e-08	-6.107024e-08	1
0	0.0005621521	-0.00053004455	0.9998609	0	0	0.25	0.0005621521	-0.00053004455	0.9998609	-1.7814984e-13	2.2207082e-15	3.0978834e-19	-1.7769805e-13	0.001124229	-0.0010600181	0.9997219	7.52383e-08	-7.0941084e-08	1
0	0.0006833619	-0.0006440572	0.9998233	0	0	0.19499981	0.0006833619	-0.0006440572	0.9998233	-1.7814977e-13	2.2205458e-15	3.542838e-19	-1.7730882e-13	0.0013666322	-0.0012880282	0.99964666	9.1511474e-08	-8.6248164e-08	1
0	0.0006970179	-0.0006568915	0.999819	0	0	0.19000006	0.0006970179	-0.0006568915	0.999819	-1.7814976e-13	2.220527e-15	3.5899494e-19	-1.7727342e-13	0.0013939426	-0.0013136951	0.9996381	9.3344894e-08	-8.7971266e-08	1
0	0.0007112473	-0.0006702614	0.9998145	0	0	0.18499996	0.0007112473	-0.0006702614	0.9998145	-1.7814976e-13	2.2205079e-15	3.6383942e-19	-1.7723805e-13	0.0014223993	-0.0013404328	0.9996291	9.525529e-08	-8.9766274e-08	1
0	0.00072605745	-0.0006841754	0.99980986	0	0	0.18000017	0.00072605745	-0.0006841754	0.9998099	-1.7814976e-13	2.2204876e-15	3.688233e-19	-1.7720268e-13	0.0014520176	-0.0013682591	0.9996197	9.7243635e-08	-9.163436e-08	1
0	0.00074149703	-0.0006986772	0.99980503	0	0	0.17499986	0.00074149715	-0.00069867715	0.99980503	-1.7814974e-13	2.2204664e-15	3.7395256e-19	-1.771673e-13	0.0014828949	-0.0013972608	0.99960995	9.931651e-08	-9.358132e-08	1
0	0.0007576137	-0.00071381254	0.9997999	0	0	0.17000006	0.00075761374	-0.00071381254	0.9997999	-1.7814974e-13	2.2204444e-15	3.7923483e-19	-1.7713192e-13	0.0015151259	-0.0014275294	0.99959975	1.0148029e-07	-9.561337e-08	1
0	0.0007744381	-0.00072960823	0.9997946	0	0	0.1650002	0.0007744381	-0.00072960823	0.9997946	-1.7814973e-13	2.220421e-15	3.8467688e-19	-1.7709652e-13	0.0015487724	-0.0014591187	0.99958915	1.03739076e-07	-9.773409e-08	1
0	0.000792034	-0.0007461247	0.99978894	0	0	0.15999989	0.00079203397	-0.0007461247	0.99978894	-1.781497e-13	2.2203971e-15	3.9028757e-19	-1.7706114e-13	0.0015839618	-0.0014921494	0.99957794	1.0610144e-07	-9.9951556e-08	1
0	0.0008104326	-0.0007633895	0.99978316	0	0	0.15500008	0.0008104326	-0.0007633895	0.9997832	-1.7814968e-13	2.2203717e-15	3.9607458e-19	-1.7702574e-13	0.0016207567	-0.0015266768	0.99956626	1.085716e-07	-1.022695e-07	1
0	0.00082969415	-0.0007814608	0.999777	0	0	0.14999981	0.00082969415	-0.0007814608	0.999777	-1.7814968e-13	2.220345e-15	4.0204824e-19	-1.7699038e-13	0.0016592771	-0.0015628168	0.99955404	1.1115759e-07	-1.04695715e-07	1
0	0.00084995653	-0.00080046407	0.9997704	0	0	0.14500023	0.00084995653	-0.00080046407	0.9997704	-1.7814966e-13	2.2203169e-15	4.0821852e-19	-1.76955e-13	0.0016997993	-0.0016008208	0.999541	1.13877945e-07	-1.0724709e-07	1
0	0.000871205	-0.00082038646	0.9997637	0	0	0.14000009	0.00087120506	-0.00082038646	0.9997637	-1.7814965e-13	2.2202874e-15	4.1459556e-19	-1.7691962e-13	0.0017422931	-0.001640663	0.99952745	1.167307e-07	-1.09921835e-07	1
0	0.0008935187	-0.000841301	0.9997566	0	0	0.13500017	0.00089351874	-0.000841301	0.9997566	-1.7814964e-13	2.2202563e-15	4.211905e-19	-1.7688424e-13	0.0017869179	-0.0016824893	0.99951315	1.1972648e-07	-1.1272979e-07	1
0	0.0009170166	-0.00086331833	0.99974906	0	0	0.13000007	0.0009170165	-0.0008633184	0.99974906	-1.7814964e-13	2.2202233e-15	4.2801727e-19	-1.7684886e-13	0.0018339101	-0.0017265211	0.99949807	1.2288122e-07	-1.1568582e-07	1
0	0.00094178604	-0.0008865193	0.9997411	0	0	0.125	0.00094178604	-0.0008865193	0.9997411	-1.781496e-13	2.2201888e-15	4.350888e-19	-1.768135e-13	0.0018834459	-0.00177292	0.9994821	1.2620669e-07	-1.18800756e-07	1
0	0.00096793217	-0.000911001	0.99973273	0	0	0.11999989	0.00096793217	-0.00091100106	0.99973273	-1.7814958e-13	2.2201523e-15	4.424203e-19	-1.7677811e-13	0.0019357346	-0.00182188	0.99946535	1.29717e-07	-1.2208763e-07	1
0	0.00099556	-0.0009368584	0.9997238	0	0	0.11499984	0.00099556	-0.0009368584	0.9997238	-1.7814954e-13	2.220114e-15	4.500268e-19	-1.7674271e-13	0.0019909863	-0.0018735914	0.9994475	1.3342621e-07	-1.2555923e-07	1
0	0.0010248218	-0.0009642346	0.99971426	0	0	0.10999988	0.0010248218	-0.0009642346	0.99971426	-1.7814951e-13	2.2200725e-15	4.579271e-19	-1.7670734e-13	0.0020495062	-0.00192834	0.9994285	1.3735482e-07	-1.292347e-07	1
0	0.00105589	-0.000993286	0.9997043	0	0	0.10499983	0.00105589	-0.000993286	0.99970424	-1.7814949e-13	2.220029e-15	4.6614037e-19	-1.7667196e-13	0.0021116384	-0.0019864389	0.9994085	1.4152596e-07	-1.3313513e-07	1
0	0.0010888391	-0.0010240844	0.99969363	0	0	0.10000009	0.0010888391	-0.0010240844	0.99969363	-1.7814945e-13	2.2199827e-15	4.746868e-19	-1.7663656e-13	0.0021775323	-0.0020480314	0.9993871	1.4594963e-07	-1.3727006e-07	1
0	0.00112389	-0.0010568296	0.9996822	0	0	0.09500003	0.00112389	-0.0010568296	0.99968225	-1.7814942e-13	2.2199332e-15	4.8359047e-19	-1.7660119e-13	0.0022476295	-0.0021135174	0.99936444	1.5065544e-07	-1.416664e-07	1
0	0.0011613835	-0.0010918353	0.99967	0	0	0.090000086	0.0011613835	-0.0010918353	0.99967	-1.781494e-13	2.2198804e-15	4.928763e-19	-1.7656583e-13	0.0023226114	-0.0021835242	0.9993402	1.5568922e-07	-1.4636625e-07	1
0	0.0012014045	-0.0011291811	0.99965703	0	0	0.08500003	0.0012014045	-0.0011291811	0.99965703	-1.7814934e-13	2.2198237e-15	5.0257323e-19	-1.7653042e-13	0.0024026479	-0.002258211	0.99931407	1.6106233e-07	-1.5138028e-07	1
0	0.0012442869	-0.0011691707	0.99964315	0	0	0.079999946	0.0012442869	-0.0011691708	0.99964315	-1.7814931e-13	2.2197633e-15	5.1271213e-19	-1.7649506e-13	0.0024884068	-0.0023381847	0.9992862	1.6681958e-07	-1.5674924e-07	1
0	0.0012903399	-0.0012120893	0.99962807	0	0	0.074999906	0.0012903399	-0.0012120893	0.99962807	-1.7814928e-13	2.2196977e-15	5.233282e-19	-1.7645968e-13	0.0025805067	-0.002424016	0.99925613	1.7300252e-07	-1.6251144e-07	1
0	0.0013397904	-0.0012581407	0.9996119	0	0	0.070000045	0.0013397904	-0.0012581407	0.9996119	-1.7814919e-13	2.2196272e-15	5.344598e-19	-1.7642429e-13	0.002679401	-0.0025161128	0.9992238	1.796416e-07	-1.6869427e-07	1
0	0.0013935373	-0.0013081545	0.99959445	0	0	0.065000035	0.0013935373	-0.0013081545	0.99959445	-1.7814916e-13	2.219551e-15	5.461526e-19	-1.7638895e-13	0.0027868876	-0.002616134	0.99918884	1.8685752e-07	-1.7540907e-07	1
0	0.0014516935	-0.0013622219	0.9995755	0	0	0.059999947	0.0014516937	-0.0013622219	0.99957544	-1.7814908e-13	2.2194684e-15	5.5845693e-19	-1.7635355e-13	0.0029031925	-0.002724261	0.999151	1.946654e-07	-1.8266813e-07	1
0	0.0015147137	-0.0014207659	0.99955475	0	0	0.05499994	0.0015147139	-0.001420766	0.9995548	-1.78149e-13	2.2193784e-15	5.714216e-19	-1.7631819e-13	0.0030292247	-0.0028413415	0.99910975	2.0312632e-07	-1.905282e-07	1
0	0.0015834965	-0.0014845887	0.9995323	0	0	0.050000045	0.0015834965	-0.0014845886	0.9995323	-1.7814896e-13	2.2192801e-15	5.8511954e-19	-1.7628282e-13	0.0031667803	-0.0029689784	0.9990647	2.1236086e-07	-1.9909699e-07	1
0	0.0016591201	-0.0015546926	0.99950755	0	0	0.045000043	0.0016591201	-0.0015546926	0.99950767	-1.7814885e-13	2.2191727e-15	5.996194e-19	-1.7624743e-13	0.0033180173	-0.003109177	0.99901533	2.2251388e-07	-2.085091e-07	1
0	0.0017421206	-0.0016315448	0.9994806	0	0	0.039999973	0.0017421206	-0.0016315449	0.9994805	-1.7814874e-13	2.2190542e-15	6.1500444e-19	-1.7621205e-13	0.0034840077	-0.003262871	0.9989611	2.336573e-07	-2.1882721e-07	1
0	0.0018336863	-0.0017162237	0.9994505	0	0	0.035000023	0.0018336863	-0.0017162237	0.9994505	-1.7814865e-13	2.2189229e-15	6.313711e-19	-1.7617667e-13	0.0036671266	-0.0034322173	0.998901	2.4595062e-07	-2.3019612e-07	1
0	0.0019359058	-0.001810619	0.9994171	0	0	0.029999973	0.0019359058	-0.001810619	0.9994171	-1.7814851e-13	2.2187772e-15	6.4884094e-19	-1.761413e-13	0.003871552	-0.0036209954	0.99883425	2.5967432e-07	-2.428696e-07	1
0	0.0020497534	-0.0019155839	0.9993799	0	0	0.025000023	0.0020497532	-0.0019155839	0.9993799	-1.7814839e-13	2.2186143e-15	6.675417e-19	-1.7610594e-13	0.004099231	-0.0038309107	0.99875975	2.7495912e-07	-2.5696204e-07	1
0	0.002177968	-0.002033611	0.9993379	0	0	0.019999987	0.0021779682	-0.002033611	0.9993379	-1.7814823e-13	2.2184307e-15	6.8763364e-19	-1.7607061e-13	0.0043556434	-0.0040669492	0.9986759	2.9217284e-07	-2.7280828e-07	1
0	0.0023234675	-0.0021672922	0.9992904	0	0	0.014999987	0.0023234675	-0.0021672924	0.99929035	-1.7814805e-13	2.218223e-15	7.093136e-19	-1.7603521e-13	0.004646623	-0.0043342942	0.99858075	3.1170714e-07	-2.907562e-07	1
0	0.002490047	-0.0023200214	0.9992361	0	0	0.009999993	0.002490047	-0.0023200214	0.9992361	-1.7814783e-13	2.2179854e-15	7.3281595e-19	-1.7599984e-13	0.0049797595	-0.0046397313	0.99847215	3.3407156e-07	-3.1126143e-07	1
0	0.0026831245	-0.0024966118	0.9991733	0	0	0.0049999966	0.0026831245	-0.0024966118	0.9991733	-1.7814759e-13	2.2177108e-15	7.5843704e-19	-1.7596448e-13	0.0053658886	-0.0049928883	0.9983467	3.5999352e-07	-3.3497025e-07	1
0	0.002907632	-0.0027013938	0.9991002	0	0	-9.887924e-17	0.002907632	-0.002701394	0.9991002	-1.7814732e-13	2.2173904e-15	7.8652975e-19	-1.7592912e-13	0.0058148736	-0.0054024253	0.9982005	3.901352e-07	-3.6246408e-07	1
0	0.003174112	-0.0029437104	0.99901384	0	0	-0.0049999966	0.0031741122	-0.0029437104	0.9990138	-1.7814694e-13	2.2170122e-15	8.175709e-19	-1.7589376e-13	0.0063477983	-0.005887026	0.99802756	4.2591188e-07	-3.949972e-07	1
0	0.00349348	-0.0032330416	0.9989102	0	0	-0.009999993	0.00349348	-0.0032330416	0.9989102	-1.7814655e-13	2.216558e-15	8.5217155e-19	-1.7585843e-13	0.006986491	-0.006465649	0.9978202	4.68789e-07	-4.338423e-07	1
0	0.0038867854	-0.0035877973	0.9987831	0	0	-0.014999987	0.0038867854	-0.0035877973	0.9987832	-1.7814599e-13	2.2160017e-15	8.9117e-19	-1.7582306e-13	0.007773049	-0.007175113	0.99756634	5.2159277e-07	-4.814712e-07	1
0	0.0043813125	-0.004031426	0.99862415	0	0	-0.019999987	0.0043813125	-0.0040314263	0.99862415	-1.7814533e-13	2.2153048e-15	9.357297e-19	-1.7578773e-13	0.008762037	-0.008062311	0.9972483	5.8798605e-07	-5.410319e-07	1
0	0.005023768	-0.004603834	0.99841875	0	0	-0.025000023	0.005023768	-0.004603834	0.9984188	-1.7814446e-13	2.2144046e-15	9.875475e-19	-1.7575238e-13	0.010046862	-0.00920705	0.9968376	6.742395e-07	-6.178822e-07	1
0	0.005887936	-0.005367139	0.9981432	0	0	-0.029999973	0.005887936	-0.005367139	0.9981432	-1.7814325e-13	2.2131976e-15	1.049241e-18	-1.7571707e-13	0.011775082	-0.010733557	0.9962865	7.902588e-07	-7.203615e-07	1
0	0.0071324045	-0.006452979	0.9977509	0	0	-0.035000023	0.0071324045	-0.006452979	0.9977509	-1.7814152e-13	2.211479e-15	1.1253226e-18	-1.7568175e-13	0.0142638525	-0.012905093	0.99550176	9.573351e-07	-8.661433e-07	1
0	0.009070003	-0.0081154695	0.9971435	0	0	-0.039999973	0.009070004	-0.0081154695	0.9971435	-1.7813881e-13	2.2088222e-15	1.2241858e-18	-1.7564642e-13	0.01813879	-0.01622985	0.99428713	1.2174667e-06	-1.0893432e-06	1
0	0.012650384	-0.011111714	0.99603534	0	0	-0.045000043	0.012650384	-0.011111714	0.9960353	-1.7813377e-13	2.2039876e-15	1.3664184e-18	-1.7561117e-13	0.025299069	-0.022221938	0.99207056	1.6981459e-06	-1.4916045e-06	1
0	0.02143149	-0.018287411	0.99306524	0	0	-0.050000045	0.021431495	-0.01828741	0.99306524	-1.7812019e-13	2.1911641e-15	1.6291871e-18	-1.7557596e-13	0.042860113	-0.036572363	0.9861304	2.87702e-06	-2.4549574e-06	1
0	0.02434954	-0.020728441	0.9914923	0	0	-0.05499994	0.02434954	-0.020728441	0.9914923	-1.781131e-13	2.1844594e-15	1.7949902e-18	-1.7554087e-13	0.048695814	-0.041454103	0.98298454	3.2687658e-06	-2.7826688e-06	1
0	0.024998877	-0.021272717	0.9911008	0	0	-0.059999947	0.024998877	-0.021272717	0.99110085	-1.7811134e-13	2.1827999e-15	1.8426623e-18	-1.7550581e-13	0.0499944	-0.042542577	0.9822017	3.3559445e-06	-2.855743e-06	1
0	0.025551524	-0.021737853	0.99074703	0	0	-0.065000035	0.025551524	-0.021737853	0.99074703	-1.7810975e-13	2.1813025e-15	1.887718e-18	-1.7547076e-13	0.051099617	-0.043472786	0.98149407	3.4301436e-06	-2.9181938e-06	1
0	0.026321791	-0.022387283	0.9902339	0	0	-0.070000045	0.026321791	-0.022387283	0.9902339	-1.7810747e-13	2.1791356e-15	1.95242e-18	-1.7543577e-13	0.052640054	-0.04477156	0.9804678	3.533559e-06	-3.0053868e-06	1
0	0.02721172	-0.023138046	0.98961943	0	0	-0.074999906	0.027211722	-0.023138046	0.98961943	-1.7810475e-13	2.1765475e-15	2.0276623e-18	-1.7540085e-13	0.054419793	-0.046272986	0.97923887	3.6530396e-06	-3.106185e-06	1
0	0.028190931	-0.023964293	0.98891854	0	0	-0.079999946	0.028190931	-0.023964293	0.9889186	-1.781016e-13	2.1736058e-15	2.1108777e-18	-1.7536593e-13	0.056378078	-0.047925364	0.9778371	3.784508e-06	-3.2171176e-06	1
0	0.029601766	-0.025154404	0.98786676	0	0	-0.08500003	0.029601766	-0.025154408	0.98786676	-1.7809694e-13	2.169211e-15	2.2298856e-18	-1.7533119e-13	0.059199557	-0.050305434	0.9757337	3.9739234e-06	-3.3769024e-06	1
0	0.03138041	-0.026653707	0.9864728	0	0	-0.090000086	0.03138041	-0.026653707	0.9864727	-1.780908e-13	2.1634246e-15	2.377822e-18	-1.7529661e-13	0.06275661	-0.053303834	0.9729454	4.2127203e-06	-3.5781984e-06	1
0	0.033151776	-0.028145885	0.9850056	0	0	-0.09500003	0.033151776	-0.028145885	0.9850056	-1.7808435e-13	2.157382e-15	2.5244671e-18	-1.7526213e-13	0.0662991	-0.05628799	0.97001123	4.450544e-06	-3.7785424e-06	1
0	0.040975355	-0.034714784	0.97760016	0	0	-0.10000009	0.040975355	-0.034714784	0.97760016	-1.7805256e-13	2.1276794e-15	3.1198742e-18	-1.7522983e-13	0.0819452	-0.069424905	0.9552004	5.500909e-06	-4.6604755e-06	1
0	0.0024651082	-0.002436468	0.10760275	0	0	-0.10499983	0.0024651084	-0.002436468	0.10760275	-1.7798396e-13	2.0608208e-15	3.040474e-17	-1.7581276e-13	0.0049298853	-0.0048726085	-0.7847945	3.3125423e-07	-3.2740684e-07	1
0	0.0011886008	-0.0021184105	0.09744388	0	0	-0.10999988	0.0011886008	-0.0021184103	0.09744388	-1.7799863e-13	2.074683e-15	3.3583358e-17	-1.7581451e-13	0.0023770416	-0.004236536	-0.80511224	1.5983369e-07	-2.845723e-07	1
0	0.0008035309	-0.002095127	0.09332994	0	0	-0.11499984	0.0008035309	-0.002095127	0.09332994	-1.7800415e-13	2.0799322e-15	3.496946e-17	-1.7581326e-13	0.0016069538	-0.0041899728	-0.81334007	1.08093786e-07	-2.8147113e-07	1
0	-0.001251247	-0.0010729186	0.073740885	0	0	-0.11999989	-0.0012512471	-0.0010729186	0.073740885	-1.7803184e-13	2.1062025e-15	4.0468898e-17	-1.7582255e-13	-0.0025023262	-0.0021456932	-0.8525182	-1.6803017e-07	-1.4424246e-07	1
0	-0.0013329145	-0.0009607674	0.07205929	0	0	-0.125	-0.0013329145	-0.0009607674	0.07205929	-1.7803397e-13	2.1082447e-15	4.1007694e-17	-1.7582096e-13	-0.0026656496	-0.0019214056	-0.85588145	-1.7903e-07	-1.2917869e-07	1
0	-0.0014266793	-0.00054519554	0.061445378	0	0	-0.13000007	-0.0014266793	-0.0005451955	0.061445378	-1.7804775e-13	2.1214453e-15	4.4303334e-17	-1.7582549e-13	-0.0028531668	-0.0010903176	-0.87710917	-1.9173862e-07	-7.329101e-08	1
0	-0.00052118767	0.0034517697	0.029952548	0	0	-0.13500017	-0.00052118767	0.00345177	0.029952548	-1.780949e-13	2.1664996e-15	4.9337062e-17	-1.7585044e-13	-0.0010423053	0.006903076	-0.94009495	-7.0117345e-08	4.6373927e-07	1
0	-0.0015636797	0.0011845689	0.00664909	0	0	-0.14000009	-0.0015636797	0.0011845689	0.00664909	-1.7813501e-13	2.2049608e-15	5.1973604e-17	-1.7587148e-13	-0.0031271488	0.0023689785	-0.98670185	-2.1018135e-07	1.5929604e-07	1
0	-0.0015283935	0.00112523	0.0063636703	0	0	-0.14500023	-0.0015283934	0.00112523	0.0063636703	-1.7813562e-13	2.205539e-15	5.1834754e-17	-1.7587171e-13	-0.0030565814	0.0022503086	-0.9872727	-2.0549228e-07	1.5133226e-07	1
0	-0.000897011	0.0008779244	0.0018915602	0	0	-0.14999981	-0.000897011	0.0008779244	0.0018915599	-1.7814511e-13	2.2144681e-15	5.111804e-17	-1.7587751e-13	-0.0017939016	0.0017557308	-0.9962169	-1.2056435e-07	1.1798926e-07	1
0	-0.0008865604	0.00087472284	0.0018162379	0	0	-0.15500008	-0.0008865604	0.00087472284	0.0018162379	-1.7814529e-13	2.2146578e-15	5.110598e-17	-1.7587754e-13	-0.0017730015	0.0017493282	-0.9963676	-1.19170686e-07	1.17568504e-07	1
0	-0.00082684535	0.0008209357	0.0012650272	0	0	-0.15999989	-0.00082684535	0.00082093576	0.0012650271	-1.7814679e-13	2.2160334e-15	5.0574627e-17	-1.7587875e-13	-0.0016535795	0.001641761	-0.99747	-1.11136075e-07	1.1034183e-07	1
0	-0.0008080975	0.0007997318	0.001158433	0	0	-0.1650002	-0.0008080975	0.0007997319	0.001158433	-1.7814709e-13	2.2162878e-15	5.0702863e-17	-1.7587873e-13	-0.0016160863	0.0015993562	-0.9976831	-1.0862167e-07	1.0749725e-07	1
0	-0.0007903294	0.0007799282	0.0010476393	0	0	-0.17000006	-0.0007903295	0.0007799282	0.0010476393	-1.7814733e-13	2.2165535e-15	5.0841634e-17	-1.7587867e-13	-0.0015805528	0.0015597515	-0.9979047	-1.0623871e-07	1.0484059e-07	1
0	-0.0007734536	0.0007614642	0.00095226755	0	0	-0.17499986	-0.0007734536	0.0007614642	0.00095226744	-1.7814755e-13	2.2167856e-15	5.096256e-17	-1.7587863e-13	-0.0015468032	0.001522826	-0.99809545	-1.03975445e-07	1.0236377e-07	1
0	-0.00076044747	0.0007480908	0.00091064186	0	0	-0.18000017	-0.00076044747	0.0007480908	0.0009106418	-1.7814767e-13	2.216892e-15	5.10099e-17	-1.758786e-13	-0.0015207927	0.0014960812	-0.9981787	-1.02233244e-07	1.0057223e-07	1
0	-0.0007510386	0.0007384357	0.00088101544	0	0	-0.18499996	-0.0007510386	0.0007384357	0.00088101544	-1.7814774e-13	2.216968e-15	5.10427e-17	-1.7587857e-13	-0.0015019763	0.0014767724	-0.99823797	-1.0097554e-07	9.9281365e-08	1
0	-0.00074307894	0.0007302991	0.0008571738	0	0	-0.19000006	-0.00074307894	0.00073029916	0.0008571739	-1.7814781e-13	2.2170295e-15	5.1068463e-17	-1.7587856e-13	-0.0014860581	0.0014605001	-0.99828565	-9.991288e-08	9.8194874e-08	1
0	-0.0007341596	0.00072119327	0.0008307356	0	0	-0.19499981	-0.0007341596	0.00072119315	0.00083073566	-1.7814787e-13	2.2170977e-15	5.109686e-17	-1.7587852e-13	-0.0014682205	0.0014422893	-0.9983386	-9.872063e-08	9.697749e-08	1
0	-0.0007195587	0.00070638396	0.000790765	0	0	-0.20499994	-0.0007195587	0.00070638396	0.000790765	-1.7814796e-13	2.2172028e-15	5.1136656e-17	-1.7587849e-13	-0.0014390206	0.0014126729	-0.99841845	-9.677194e-08	9.500067e-08	1
0	-0.0006808502	0.00066774484	0.0007077031	0	0	-0.25499967	-0.0006808502	0.0006677448	0.0007077032	-1.7814815e-13	2.2174293e-15	5.1190486e-17	-1.7587825e-13	-0.0013616087	0.0013353997	-0.99858457	-9.1644736e-08	8.988159e-08	1
0	-0.00065908296	0.00064629904	0.0006516169	0	0	-0.30500022	-0.00065908296	0.00064629904	0.0006516169	-1.7814828e-13	2.217575e-15	5.102478e-17	-1.7587827e-13	-0.0013180771	0.0012925109	-0.9986968	-8.879379e-08	8.70707e-08	1
0	-0.000553183	0.00053938595	0.00041951734	0	0	-0.3549996	-0.000553183	0.00053938595	0.00041951734	-1.7814888e-13	2.2182302e-15	5.0547088e-17	-1.7587905e-13	-0.0011062915	0.0010786991	-0.999161	-7.4574196e-08	7.271777e-08	1
0	-0.00038543047	0.00036354986	8.6097e-05	0	0	-0.40499973	-0.00038543047	0.00036354983	8.6097e-05	-1.7814988e-13	2.2192128e-15	4.741186e-17	-1.75883e-13	-0.00077080895	0.00072705065	-0.99982786	-5.1933895e-08	4.898564e-08	1
0	-0.0003470413	0.00032734757	7.506407e-05	0	0	-0.45500082	-0.0003470413	0.00032734757	7.506406e-05	-1.7814988e-13	2.2192598e-15	4.7394263e-17	-1.7588298e-13	-0.00069403584	0.00065465097	-0.99984986	-4.678488e-08	4.4129948e-08	1
0	-0.00031560345	0.00029769543	6.620217e-05	0	0	-0.5050003	-0.00031560345	0.00029769543	6.620217e-05	-1.7814988e-13	2.219298e-15	4.7379125e-17	-1.7588296e-13	-0.0006311643	0.0005953507	-0.9998676	-4.256824e-08	4.0152823e-08	1
0	-0.00028938556	0.0002729634	5.8951784e-05	0	0	-0.55500025	-0.00028938556	0.0002729634	5.895178e-05	-1.7814987e-13	2.2193288e-15	4.7365953e-17	-1.7588294e-13	-0.000578732	0.00054588995	-0.9998821	-3.905175e-08	3.683563e-08	1
0	-0.0002671879	0.0002520218	5.2923166e-05	0	0	-0.60500026	-0.00026718792	0.00025202183	5.2923166e-05	-1.7814987e-13	2.2193544e-15	4.735438e-17	-1.7588292e-13	-0.00053433975	0.00050400966	-0.99989414	-3.60745e-08	3.4026847e-08	1
0	-0.0002481514	0.00023406149	4.7847687e-05	0	0	-0.6549993	-0.0002481514	0.00023406147	4.7847687e-05	-1.7814987e-13	2.2193765e-15	4.7344126e-17	-1.7588292e-13	-0.00049626926	0.00046809134	-0.99990433	-3.3521243e-08	3.161793e-08	1
0	-0.00023164556	0.00021848803	4.352587e-05	0	0	-0.70500124	-0.00023164556	0.00021848803	4.352587e-05	-1.7814981e-13	2.2193949e-15	4.7334977e-17	-1.758829e-13	-0.00046325987	0.00043694655	-0.9999129	-3.1307433e-08	2.9529167e-08	1
0	-0.00021719799	0.0002048563	3.9806153e-05	0	0	-0.7549992	-0.00021719799	0.0002048563	3.9806153e-05	-1.7814981e-13	2.2194108e-15	4.7326765e-17	-1.7588287e-13	-0.00043436658	0.00040968487	-0.9999204	-2.9369685e-08	2.7700843e-08	1
0	-0.00020444619	0.00019282456	3.6577214e-05	0	0	-0.80500025	-0.00020444619	0.00019282455	3.6577214e-05	-1.7814981e-13	2.2194243e-15	4.731935e-17	-1.7588287e-13	-0.00040886473	0.000385623	-0.9999268	-2.7659404e-08	2.6087127e-08	1
0	-0.000193108	0.0001821265	3.375473e-05	0	0	-0.85500133	-0.000193108	0.0001821265	3.375473e-05	-1.7814979e-13	2.2194364e-15	4.731262e-17	-1.7588284e-13	-0.0003861899	0.00036422836	-0.9999324	-2.6138732e-08	2.4652302e-08	1
0	-0.00018296092	0.00017255235	3.1268457e-05	0	0	-0.9049992	-0.00018296092	0.00017255235	3.1268457e-05	-1.7814977e-13	2.219447e-15	4.7306486e-17	-1.7588283e-13	-0.00036589708	0.00034508132	-0.9999375	-2.4777815e-08	2.3368221e-08	1
0	-0.00017382624	0.00016393347	2.9066174e-05	0	0	-0.95500135	-0.00017382625	0.00016393347	2.9066174e-05	-1.7814976e-13	2.2194563e-15	4.730087e-17	-1.7588281e-13	-0.0003476289	0.00032784473	-0.99994195	-2.3552694e-08	2.2212275e-08	1
0	-0.0001663507	0.0001568802	2.7291042e-05	0	0	-1	-0.0001663507	0.0001568802	2.729104e-05	-1.7814976e-13	2.2194637e-15	4.7296212e-17	-1.7588281e-13	-0.00033267887	0.00031373912	-0.9999454	-2.25501e-08	2.126631e-08	1
0	-0.00017469449	0.00016475255	2.9275647e-05	0	0	-0.94999886	-0.0001746945	0.00016475255	2.9275645e-05	-1.7814976e-13	2.2194554e-15	4.7301413e-17	-1.7588281e-13	-0.00034936535	0.00032948278	-0.9999414	-2.3669136e-08	2.2322121e-08	1
0	-0.00018392279	0.00017345979	3.1501888e-05	0	0	-0.900001	-0.00018392279	0.00017345979	3.1501888e-05	-1.7814977e-13	2.219446e-15	4.730707e-17	-1.7588283e-13	-0.00036782073	0.00034689612	-0.99993706	-2.4906814e-08	2.3489921e-08	1
0	-0.00019418065	0.00018313844	3.4021563e-05	0	0	-0.849999	-0.00019418065	0.00018313844	3.4021556e-05	-1.7814979e-13	2.2194353e-15	4.7313262e-17	-1.7588284e-13	-0.00038833494	0.00036625212	-0.9999319	-2.6282583e-08	2.4788015e-08	1
0	-0.00020564915	0.00019395941	3.6880367e-05	0	0	-0.8000007	-0.00020564915	0.00019395941	3.6880367e-05	-1.7814981e-13	2.2194228e-15	4.732006e-17	-1.7588287e-13	-0.00041127048	0.0003878926	-0.99992615	-2.7820743e-08	2.6239332e-08	1
0	-0.0002185566	0.00020613811	4.0153976e-05	0	0	-0.75	-0.0002185566	0.00020613811	4.015398e-05	-1.7814981e-13	2.2194089e-15	4.732755e-17	-1.7588287e-13	-0.00043708363	0.0004122483	-0.99991965	-2.9551904e-08	2.7872755e-08	1
0	-0.00023319137	0.00021994636	4.392753e-05	0	0	-0.69999945	-0.00023319137	0.00021994633	4.392754e-05	-1.7814984e-13	2.219393e-15	4.733585e-17	-1.7588287e-13	-0.00046635128	0.00043986298	-0.99991214	-3.151475e-08	2.9724752e-08	1
0	-0.00024992586	0.00023573532	4.8319387e-05	0	0	-0.6500008	-0.00024992583	0.0002357353	4.8319387e-05	-1.7814987e-13	2.219374e-15	4.73451e-17	-1.7588292e-13	-0.00049981795	0.00047143875	-0.9999034	-3.3759235e-08	3.1842426e-08	1
0	-0.00026924553	0.00025396276	5.3479514e-05	0	0	-0.59999925	-0.00026924553	0.00025396276	5.3479514e-05	-1.7814987e-13	2.2193523e-15	4.735547e-17	-1.7588292e-13	-0.00053845474	0.00050789124	-0.99989307	-3.635047e-08	3.4287165e-08	1
0	-0.0002918019	0.00027524252	5.9613707e-05	0	0	-0.5499998	-0.0002918019	0.00027524252	5.9613707e-05	-1.7814987e-13	2.2193263e-15	4.7367197e-17	-1.7588294e-13	-0.00058356446	0.0005504479	-0.9998808	-3.9375838e-08	3.7141312e-08	1
0	-0.00031847783	0.00030040622	6.700693e-05	0	0	-0.5	-0.00031847783	0.00030040622	6.700692e-05	-1.7814988e-13	2.2192947e-15	4.738055e-17	-1.7588296e-13	-0.00063691277	0.0006007719	-0.999866	-4.2953765e-08	4.0516404e-08	1
0	-0.0003505168	0.00033062435	7.605584e-05	0	0	-0.4500005	-0.0003505168	0.00033062435	7.605584e-05	-1.7814988e-13	2.2192558e-15	4.73959e-17	-1.7588298e-13	-0.0007009864	0.00066120416	-0.99984795	-4.7251028e-08	4.4569447e-08	1
0	-0.00038972322	0.00036759482	8.734806e-05	0	0	-0.40000036	-0.00038972322	0.00036759482	8.734806e-05	-1.7814988e-13	2.219207e-15	4.7413778e-17	-1.75883e-13	-0.00077939394	0.00073514023	-0.9998253	-5.2509666e-08	4.9528175e-08	1
0	-0.00043879307	0.00041385027	0.00010176137	0	0	-0.34999973	-0.0004387931	0.00041385027	0.00010176137	-1.7814988e-13	2.2191456e-15	4.7434864e-17	-1.7588304e-13	-0.00087752705	0.0008276448	-0.99979645	-5.9091274e-08	5.5732272e-08	1
0	-0.0005019904	0.0004733951	0.000120701094	0	0	-0.29999962	-0.0005019904	0.00047339508	0.000120701094	-1.7814987e-13	2.219064e-15	4.7460182e-17	-1.7588308e-13	-0.0010039131	0.0009467264	-0.9997586	-6.75678e-08	6.371886e-08	1
0	-0.00058644847	0.00055291166	0.00014652484	0	0	-0.25	-0.00058644847	0.00055291166	0.00014652485	-1.7814984e-13	2.2189525e-15	4.7491218e-17	-1.7588314e-13	-0.0011728181	0.001105749	-0.999707	-7.889602e-08	7.438422e-08	1
0	-0.0007196019	0.0006781115	0.0001880978	0	0	-0.19499981	-0.0007196019	0.0006781115	0.00018809781	-1.7814976e-13	2.218773e-15	4.7534827e-17	-1.7588319e-13	-0.0014391072	0.0013561317	-0.9996238	-9.675574e-08	9.1176965e-08	1
0	-0.0007347728	0.0006923618	0.00019288593	0	0	-0.19000006	-0.0007347728	0.0006923618	0.00019288594	-1.7814976e-13	2.2187524e-15	4.753944e-17	-1.7588319e-13	-0.0014694468	0.0013846306	-0.99961424	-9.879061e-08	9.308832e-08	1
0	-0.0007505816	0.0007072088	0.00019788477	0	0	-0.18499996	-0.0007505816	0.0007072088	0.00019788477	-1.7814974e-13	2.2187304e-15	4.754418e-17	-1.7588322e-13	-0.0015010623	0.0014143225	-0.9996042	-1.0091099e-07	9.5079706e-08	1
0	-0.00076710415	0.00072272244	0.00020311511	0	0	-0.18000017	-0.00076710415	0.00072272244	0.00020311511	-1.7814974e-13	2.2187081e-15	4.7549058e-17	-1.7588323e-13	-0.0015341052	0.0014453478	-0.99959385	-1.03127164e-07	9.7160516e-08	1
0	-0.0007843466	0.00073890894	0.0002085906	0	0	-0.17499986	-0.0007843466	0.0007389089	0.00020859062	-1.7814972e-13	2.218684e-15	4.7554084e-17	-1.7588322e-13	-0.0015685878	0.0014777186	-0.99958277	-1.0543987e-07	9.933158e-08	1
0	-0.000802403	0.00075585494	0.00021432877	0	0	-0.17000006	-0.000802403	0.00075585494	0.00021432876	-1.781497e-13	2.2186592e-15	4.7559252e-17	-1.7588323e-13	-0.0016046982	0.0015116084	-0.9995713	-1.0786175e-07	1.01604506e-07	1
0	-0.00082131603	0.00077360094	0.00022035037	0	0	-0.1650002	-0.00082131603	0.000773601	0.00022035037	-1.7814968e-13	2.2186334e-15	4.7564576e-17	-1.7588322e-13	-0.0016425218	0.0015470978	-0.99955934	-1.1039856e-07	1.03984725e-07	1
0	-0.0008411157	0.0007921726	0.00022666877	0	0	-0.15999989	-0.0008411157	0.0007921726	0.00022666875	-1.7814968e-13	2.218606e-15	4.7570055e-17	-1.7588325e-13	-0.0016821184	0.0015842386	-0.9995467	-1.1305426e-07	1.06475696e-07	1
0	-0.0008619116	0.0008116732	0.00023331404	0	0	-0.15500008	-0.0008619116	0.0008116732	0.00023331406	-1.7814965e-13	2.218577e-15	4.7575716e-17	-1.7588325e-13	-0.0017237074	0.001623237	-0.99953336	-1.158436e-07	1.09091246e-07	1
0	-0.00088375964	0.00083215395	0.00024030672	0	0	-0.14999981	-0.00088375964	0.00083215395	0.00024030673	-1.7814965e-13	2.2185468e-15	4.758156e-17	-1.7588326e-13	-0.0017674004	0.001664196	-0.9995194	-1.1877405e-07	1.1183829e-07	1
0	-0.0009067378	0.000853688	0.00024767595	0	0	-0.14500023	-0.0009067378	0.000853688	0.00024767595	-1.7814964e-13	2.2185148e-15	4.7587588e-17	-1.7588327e-13	-0.0018133539	0.0017072612	-0.9995046	-1.218561e-07	1.1472659e-07	1
0	-0.00093095144	0.0008763715	0.00025545197	0	0	-0.14000009	-0.00093095144	0.00087637146	0.000255452	-1.7814962e-13	2.2184811e-15	4.7593825e-17	-1.7588329e-13	-0.0018617779	0.0017526252	-0.9994891	-1.2510385e-07	1.1776909e-07	1
0	-0.00095648266	0.000900281	0.0002636661	0	0	-0.13500017	-0.00095648266	0.000900281	0.00026366612	-1.7814957e-13	2.2184454e-15	4.760026e-17	-1.7588326e-13	-0.0019128367	0.0018004412	-0.9994727	-1.2852834e-07	1.2097603e-07	1
0	-0.0009834697	0.0009255433	0.00027235868	0	0	-0.13000007	-0.0009834698	0.0009255433	0.0002723587	-1.7814956e-13	2.2184077e-15	4.7606928e-17	-1.7588329e-13	-0.0019668075	0.0018509622	-0.9994553	-1.3214809e-07	1.2436438e-07	1
0	-0.0010120207	0.00095225906	0.0002815688	0	0	-0.125	-0.0010120206	0.000952259	0.0002815688	-1.7814954e-13	2.2183676e-15	4.761383e-17	-1.758833e-13	-0.0020239053	0.00190439	-0.99943686	-1.3597763e-07	1.279477e-07	1
0	-0.0010422718	0.0009805535	0.00029134486	0	0	-0.11999989	-0.0010422718	0.0009805535	0.00029134486	-1.7814951e-13	2.2183255e-15	4.7620983e-17	-1.7588333e-13	-0.0020844038	0.0019609751	-0.99941736	-1.400352e-07	1.3174277e-07	1
0	-0.0010743872	0.0010105773	0.0003017371	0	0	-0.11499984	-0.0010743872	0.0010105773	0.00030173716	-1.7814947e-13	2.21828e-15	4.76284e-17	-1.7588333e-13	-0.00214863	0.0020210189	-0.9993965	-1.443428e-07	1.357698e-07	1
0	-0.0011085282	0.001042479	0.00031280547	0	0	-0.10999988	-0.0011085282	0.001042479	0.00031280547	-1.7814943e-13	2.2182321e-15	4.7636104e-17	-1.7588333e-13	-0.0022169075	0.0020848177	-0.9993744	-1.489221e-07	1.4004866e-07	1
0	-0.0011449675	0.0010765102	0.000324618	0	0	-0.10499983	-0.0011449675	0.0010765102	0.000324618	-1.781494e-13	2.2181807e-15	4.764411e-17	-1.7588334e-13	-0.002289781	0.0021528758	-0.9993508	-1.5380971e-07	1.4461321e-07	1
0	-0.0011838563	0.0011128089	0.00033724974	0	0	-0.10000009	-0.0011838563	0.001112809	0.00033724974	-1.7814939e-13	2.2181258e-15	4.7652432e-17	-1.7588334e-13	-0.0023675535	0.0022254686	-0.9993255	-1.5902583e-07	1.4948189e-07	1
0	-0.0012254715	0.001151628	0.0003507842	0	0	-0.09500003	-0.0012254715	0.001151628	0.00035078416	-1.7814931e-13	2.218067e-15	4.7661098e-17	-1.7588334e-13	-0.0024507786	0.0023031011	-0.9992984	-1.6460767e-07	1.5468858e-07	1
0	-0.0012701128	0.0011932419	0.00036531803	0	0	-0.090000086	-0.0012701127	0.0011932419	0.00036531797	-1.781493e-13	2.2180036e-15	4.7670134e-17	-1.7588338e-13	-0.002540055	0.0023863236	-0.9992693	-1.7059536e-07	1.6027016e-07	1
0	-0.0013180469	0.0012378958	0.00038096422	0	0	-0.08500003	-0.0013180468	0.0012378958	0.00038096422	-1.7814923e-13	2.2179357e-15	4.7679564e-17	-1.7588338e-13	-0.0026359167	0.0024756254	-0.99923813	-1.7702472e-07	1.6625943e-07	1
0	-0.0013700471	0.0012862984	0.000397882	0	0	-0.079999946	-0.0013700471	0.0012862984	0.00039788196	-1.7814918e-13	2.2178622e-15	4.7689417e-17	-1.7588341e-13	-0.00273991	0.0025724238	-0.9992042	-1.8399955e-07	1.7275161e-07	1
0	-0.0014261273	0.0013384579	0.0004161818	0	0	-0.074999906	-0.0014261273	0.0013384579	0.0004161818	-1.7814912e-13	2.2177823e-15	4.7699717e-17	-1.7588341e-13	-0.0028520632	0.0026767359	-0.99916756	-1.9152158e-07	1.7974767e-07	1
0	-0.0014868184	0.0013948602	0.00043604468	0	0	-0.070000045	-0.0014868184	0.0013948602	0.00043604468	-1.7814905e-13	2.2176955e-15	4.7710517e-17	-1.7588344e-13	-0.002973437	0.002789533	-0.9991279	-1.99662e-07	1.8731272e-07	1
0	-0.0015531023	0.0014563978	0.0004577081	0	0	-0.065000035	-0.0015531023	0.0014563979	0.0004577081	-1.7814897e-13	2.2176015e-15	4.7721846e-17	-1.7588345e-13	-0.003105996	0.0029126005	-0.9990846	-2.0855265e-07	1.9556666e-07	1
0	-0.0016257337	0.0015237534	0.00048142538	0	0	-0.059999947	-0.0016257337	0.0015237534	0.00048142535	-1.7814888e-13	2.2174977e-15	4.7733754e-17	-1.7588346e-13	-0.0032512492	0.003047302	-0.99903715	-2.1829473e-07	2.0460091e-07	1
0	-0.0017053569	0.0015975159	0.00050746044	0	0	-0.05499994	-0.0017053569	0.0015975159	0.00050746044	-1.7814881e-13	2.2173844e-15	4.7746284e-17	-1.7588346e-13	-0.0034104846	0.0031948176	-0.9989851	-2.2897457e-07	2.1449453e-07	1
0	-0.0017931991	0.001678794	0.0005361884	0	0	-0.050000045	-0.0017931991	0.001678794	0.0005361884	-1.7814871e-13	2.217259e-15	4.7759513e-17	-1.758835e-13	-0.0035861577	0.0033573627	-0.99892765	-2.407569e-07	2.2539619e-07	1
0	-0.0018901918	0.0017684143	0.0005680086	0	0	-0.045000043	-0.0018901918	0.0017684143	0.0005680086	-1.781486e-13	2.2171202e-15	4.7773485e-17	-1.7588352e-13	-0.0037801296	0.0035365913	-0.99886394	-2.5376636e-07	2.3741666e-07	1
0	-0.0019991617	0.0018689644	0.0006035545	0	0	-0.039999973	-0.0019991617	0.0018689644	0.0006035544	-1.7814846e-13	2.2169654e-15	4.7788282e-17	-1.7588353e-13	-0.003998055	0.0037376778	-0.9987929	-2.6838262e-07	2.5090333e-07	1
0	-0.0021210208	0.0019812162	0.0006433944	0	0	-0.035000023	-0.0021210208	0.0019812162	0.0006433944	-1.7814831e-13	2.2167909e-15	4.7803992e-17	-1.7588353e-13	-0.004241757	0.0039621666	-0.99871314	-2.847276e-07	2.6595944e-07	1
0	-0.0022587874	0.0021079036	0.00068840024	0	0	-0.029999973	-0.0022587874	0.0021079036	0.0006884003	-1.7814815e-13	2.2165944e-15	4.7820717e-17	-1.7588359e-13	-0.0045172716	0.0042155245	-0.9986232	-3.0320624e-07	2.8295176e-07	1
0	-0.0024158256	0.0022520032	0.0007396493	0	0	-0.025000023	-0.0024158256	0.0022520032	0.0007396493	-1.7814793e-13	2.2163706e-15	4.783857e-17	-1.758836e-13	-0.004831327	0.0045037037	-0.9985207	-3.2426982e-07	3.0227955e-07	1
0	-0.002595667	0.0024166817	0.0007984487	0	0	-0.019999987	-0.002595667	0.0024166817	0.0007984487	-1.7814771e-13	2.2161135e-15	4.7857676e-17	-1.7588363e-13	-0.0051909857	0.004833039	-0.9984031	-3.4839184e-07	3.2436742e-07	1
0	-0.0028057378	0.0026085232	0.00086679676	0	0	-0.014999987	-0.0028057378	0.0026085235	0.00086679676	-1.7814745e-13	2.2158143e-15	4.7878206e-17	-1.7588367e-13	-0.005611099	0.0052166968	-0.9982664	-3.7656875e-07	3.5009887e-07	1
0	-0.0030538687	0.0028344705	0.00094717584	0	0	-0.009999993	-0.0030538687	0.0028344702	0.00094717584	-1.7814713e-13	2.2154625e-15	4.7900335e-17	-1.758837e-13	-0.0061073275	0.0056685596	-0.99810565	-4.098508e-07	3.8040494e-07	1
0	-0.0033485568	0.003101879	0.0010428352	0	0	-0.0049999966	-0.0033485563	0.0031018793	0.0010428352	-1.7814674e-13	2.2150439e-15	4.7924287e-17	-1.7588372e-13	-0.0066966643	0.006203342	-0.9979144	-4.493774e-07	4.1627203e-07	1
0	-0.003704418	0.0034235625	0.0011585841	0	0	9.887924e-17	-0.003704418	0.0034235627	0.0011585841	-1.7814623e-13	2.2145374e-15	4.7950323e-17	-1.7588376e-13	-0.0074083386	0.0068466654	-0.99768287	-4.971088e-07	4.5941857e-07	1
0	-0.0041556843	0.0038292904	0.0013028936	0	0	0.0049999966	-0.0041556843	0.0038292906	0.0013028936	-1.7814564e-13	2.213905e-15	4.7978735e-17	-1.758838e-13	-0.008310811	0.0076580667	-0.99739426	-5.5763815e-07	5.138389e-07	1
0	-0.0047256877	0.0043387734	0.001485914	0	0	0.009999993	-0.0047256877	0.0043387734	0.001485914	-1.7814487e-13	2.2131038e-15	4.800989e-17	-1.7588386e-13	-0.009450742	0.008676966	-0.9970282	-6.340931e-07	5.821754e-07	1
0	-0.005482164	0.005009641	0.0017273084	0	0	0.014999987	-0.0054821637	0.005009641	0.0017273083	-1.7814382e-13	2.2120467e-15	4.8044136e-17	-1.7588391e-13	-0.010963593	0.010018609	-0.9965454	-7.355602e-07	6.721583e-07	1
0	-0.0065336134	0.005932483	0.002061119	0	0	0.019999987	-0.0065336134	0.005932483	0.002061119	-1.7814235e-13	2.2105855e-15	4.8081766e-17	-1.7588397e-13	-0.0130663505	0.011864169	-0.9958778	-8.7659237e-07	7.959385e-07	1
0	-0.0081303865	0.007312652	0.0025594411	0	0	0.025000023	-0.0081303865	0.0073126527	0.0025594411	-1.7814014e-13	2.2084055e-15	4.8122427e-17	-1.7588406e-13	-0.016259681	0.014624324	-0.99488115	-1.0907714e-06	9.810617e-07	1
0	-0.010786494	0.009562361	0.0033887187	0	0	0.029999973	-0.010786494	0.00956236	0.0033887187	-1.7813637e-13	2.204785e-15	4.81635e-17	-1.7588416e-13	-0.02157154	0.019123439	-0.9932226	-1.4470406e-06	1.2828164e-06	1
0	-0.016653797	0.014392203	0.0052164486	0	0	0.035000023	-0.016653795	0.014392203	0.0052164486	-1.7812806e-13	2.1968488e-15	4.818415e-17	-1.758843e-13	-0.03330536	0.028782472	-0.98956716	-2.234043e-06	1.9306547e-06	1
0	-0.023244476	0.01981837	0.008157004	0	0	0.039999973	-0.023244476	0.01981837	0.008157004	-1.7811466e-13	2.1842415e-15	4.8175568e-17	-1.7588455e-13	-0.046485834	0.03963408	-0.983686	-3.117903e-06	2.65834e-06	1
0	-0.024451356	0.020822132	0.008847933	0	0	0.045000043	-0.024451356	0.02082213	0.008847931	-1.7811155e-13	2.18131e-15	4.819118e-17	-1.7588487e-13	-0.048899435	0.041641466	-0.98230404	-3.2794692e-06	2.792709e-06	1
0	-0.024954736	0.021243738	0.0091637885	0	0	0.050000045	-0.024954736	0.021243736	0.009163789	-1.7811016e-13	2.179973e-15	4.8201204e-17	-1.758852e-13	-0.049906127	0.042484626	-0.9816724	-3.3466556e-06	2.8489762e-06	1
0	-0.025544412	0.021739513	0.009553261	0	0	0.05499994	-0.025544412	0.021739513	0.009553261	-1.781084e-13	2.178327e-15	4.8214657e-17	-1.7588558e-13	-0.051085398	0.043476112	-0.9808935	-3.4254017e-06	2.9151795e-06	1
0	-0.026404453	0.022463718	0.010143693	0	0	0.059999947	-0.026404453	0.022463718	0.010143693	-1.7810578e-13	2.1758375e-15	4.823315e-17	-1.7588601e-13	-0.052805368	0.044924423	-0.9797126	-3.5403846e-06	3.0119998e-06	1
0	-0.02732341	0.02323797	0.01079838	0	0	0.065000035	-0.02732341	0.02323797	0.010798379	-1.7810285e-13	2.173085e-15	4.8250974e-17	-1.758865e-13	-0.054643158	0.046472818	-0.9784033	-3.6632446e-06	3.115511e-06	1
0	-0.028477501	0.024210434	0.011652877	0	0	0.070000045	-0.028477501	0.024210434	0.011652876	-1.7809907e-13	2.1695068e-15	4.827033e-17	-1.7588707e-13	-0.05695118	0.048417628	-0.9766942	-3.8176036e-06	3.2455757e-06	1
0	-0.02996938	0.02546706	0.012807624	0	0	0.074999906	-0.02996938	0.02546706	0.012807625	-1.7809398e-13	2.1646962e-15	4.828966e-17	-1.7588779e-13	-0.05993474	0.050930712	-0.9743848	-4.0172117e-06	3.4137074e-06	1
0	-0.03197002	0.027150821	0.01444318	0	0	0.079999946	-0.03197002	0.027150821	0.01444318	-1.7808674e-13	2.157932e-15	4.830511e-17	-1.7588867e-13	-0.06393576	0.054298	-0.9711137	-4.2849742e-06	3.639057e-06	1
0	-0.034032516	0.028885096	0.016237274	0	0	0.08500003	-0.034032516	0.028885096	0.016237274	-1.7807889e-13	2.1505821e-15	4.8309584e-17	-1.7588978e-13	-0.068060465	0.05776632	-0.9675255	-4.560976e-06	3.8711355e-06	1
0	-0.03751391	0.03180863	0.019521112	0	0	0.090000086	-0.03751391	0.03180863	0.019521112	-1.7806468e-13	2.1373195e-15	4.8287343e-17	-1.7589151e-13	-0.0750228	0.06361299	-0.96095777	-5.0270746e-06	4.2625443e-06	1
0	-0.0016429566	0.0017655361	0.907254	0	0	0.09500003	-0.0016429566	0.0017655361	0.907254	-1.7800418e-13	2.0814496e-15	-3.489167e-18	-1.7653626e-13	-0.003285693	0.0035308357	0.81450796	-2.203418e-07	2.3671433e-07	1
0	-0.0014106845	0.0016854042	0.9109495	0	0	0.10000009	-0.0014106845	0.0016854042	0.9109496	-1.7800931e-13	2.0863588e-15	-2.7611663e-18	-1.7657047e-13	-0.00282118	0.0033705824	0.82189906	-1.8920035e-07	2.2597047e-07	1
0	0.00060933596	0.00031260363	0.9308641	0	0	0.10499983	0.000609336	0.00031260363	0.9308641	-1.7803799e-13	2.1136271e-15	7.170606e-19	-1.7661544e-13	0.0012185903	0.00062516535	0.86172813	8.159911e-08	4.1990717e-08	1
0	0.00083315594	-2.294897e-05	0.94331	0	0	0.10999988	0.00083315594	-2.294897e-05	0.9433101	-1.7805581e-13	2.1306472e-15	2.8520644e-18	-1.7665673e-13	0.0016662002	-4.5894856e-05	0.88662016	1.1167748e-07	-3.0699931e-09	1
0	-0.001156238	-0.00207425	0.9664021	0	0	0.11499984	-0.0011562381	-0.00207425	0.96640205	-1.7809269e-13	2.1659244e-15	3.5776993e-18	-1.7670982e-13	-0.0023123214	-0.0041482225	0.93280435	-1.5498206e-07	-2.779543e-07	1
0	-0.0009424053	-0.0021762056	0.97505856	0	0	0.11999989	-0.0009424053	-0.0021762056	0.97505856	-1.7810548e-13	2.1781844e-15	3.8910084e-18	-1.7675157e-13	-0.0018846844	-0.0043521198	0.9501171	-1.263002e-07	-2.9168922e-07	1
0	-0.0009543884	-0.0021198872	0.9762257	0	0	0.125	-0.0009543884	-0.0021198872	0.9762257	-1.7810696e-13	2.179629e-15	4.0865464e-18	-1.7678694e-13	-0.0019086489	-0.0042394903	0.9524512	-1.2789752e-07	-2.8413734e-07	1
0	-0.00095894514	-0.002007393	0.9781933	0	0	0.13000007	-0.00095894514	-0.0020073927	0.9781933	-1.7810941e-13	2.182068e-15	4.401986e-18	-1.76823e-13	-0.0019177618	-0.0040145162	0.95638657	-1.2851557e-07	-2.6906883e-07	1
0	0.0012449406	-0.0015597717	0.9875095	0	0	0.13500017	0.0012449406	-0.0015597717	0.9875095	-1.7812356e-13	2.1958078e-15	5.041994e-18	-1.768663e-13	0.0024897147	-0.0031193346	0.9750189	1.6656386e-07	-2.0897147e-07	1
0	0.0015532301	-0.0016121938	0.988655	0	0	0.14000009	0.0015532301	-0.0016121936	0.988655	-1.7812517e-13	2.197388e-15	5.1719493e-18	-1.7690229e-13	0.003106252	-0.0032241712	0.97731006	2.0793196e-07	-2.1599662e-07	1
0	0.0017979061	-0.0016248786	0.9903942	0	0	0.14500023	0.0017979061	-0.0016248785	0.99039423	-1.7812802e-13	2.2001344e-15	5.3449665e-18	-1.7693898e-13	0.0035955713	-0.0032495393	0.98078835	2.4082186e-07	-2.1773212e-07	1
0	0.0012630522	-0.0010521588	0.9960709	0	0	0.14999981	0.0012630523	-0.0010521587	0.996071	-1.7814047e-13	2.2118614e-15	4.732746e-18	-1.7698138e-13	0.0025259354	-0.0021041767	0.99214196	1.6929266e-07	-1.4101114e-07	1
0	0.0008798329	-0.00083353923	0.9983292	0	0	0.15500008	0.0008798329	-0.00083353923	0.99832916	-1.7814562e-13	2.2167373e-15	4.2909924e-18	-1.7701984e-13	0.0017595481	-0.001666967	0.9966585	1.1788339e-07	-1.1167538e-07	1
0	0.0008693568	-0.00082529447	0.9984055	0	0	0.15999989	0.00086935685	-0.0008252944	0.9984055	-1.7814581e-13	2.2169287e-15	4.265608e-18	-1.7705527e-13	0.0017385972	-0.0016504783	0.99681103	1.1647056e-07	-1.1057084e-07	1
0	0.0007753998	-0.0007527963	0.9990677	0	0	0.1650002	0.00077539985	-0.00075279624	0.9990677	-1.7814756e-13	2.2185705e-15	3.8880847e-18	-1.7709189e-13	0.0015506957	-0.0015054917	0.99813557	1.03867954e-07	-1.0084033e-07	1
0	0.0007663936	-0.0007435891	0.99910307	0	0	0.17000006	0.0007663935	-0.0007435891	0.999103	-1.7814767e-13	2.2186594e-15	3.925488e-18	-1.7712725e-13	0.0015326845	-0.0014870786	0.99820614	1.02658795e-07	-9.9604414e-08	1
0	0.00075876206	-0.0007358758	0.99912786	0	0	0.17499986	0.0007587621	-0.0007358758	0.99912786	-1.7814773e-13	2.2187232e-15	3.9506642e-18	-1.771626e-13	0.0015174225	-0.0014716529	0.99825585	1.01634186e-07	-9.8568975e-08	1
0	0.0007498897	-0.0007269415	0.99915504	0	0	0.18000017	0.0007498897	-0.0007269415	0.9991551	-1.781478e-13	2.218793e-15	3.977773e-18	-1.7719796e-13	0.0014996788	-0.0014537856	0.9983101	1.00442975e-07	-9.7369636e-08	1
0	0.0007394089	-0.0007163895	0.9991876	0	0	0.18499996	0.0007394089	-0.0007163895	0.9991876	-1.7814786e-13	2.2188763e-15	4.010349e-18	-1.7723332e-13	0.0014787188	-0.0014326829	0.9983752	9.903586e-08	-9.595313e-08	1
0	0.00072859094	-0.00070552697	0.99922323	0	0	0.19000006	0.000728591	-0.00070552697	0.99922323	-1.7814796e-13	2.2189671e-15	4.0451667e-18	-1.772687e-13	0.0014570844	-0.0014109592	0.99844646	9.7583595e-08	-9.449495e-08	1
0	0.000718631	-0.0006958613	0.99925923	0	0	0.19499981	0.000718631	-0.0006958613	0.99925923	-1.7814805e-13	2.2190567e-15	4.072554e-18	-1.7730408e-13	0.0014371659	-0.0013916296	0.99851835	9.624794e-08	-9.319742e-08	1
0	0.00070988236	-0.0006890252	0.9992888	0	0	0.20499994	0.00070988224	-0.0006890252	0.9992888	-1.7814809e-13	2.219128e-15	4.0201586e-18	-1.7737488e-13	0.0014196696	-0.0013779581	0.9985776	9.508775e-08	-9.22794e-08	1
0	0.0006284483	-0.00060846226	0.99949634	0	0	0.25499967	0.0006284483	-0.00060846226	0.99949634	-1.7814869e-13	2.2197057e-15	3.3965295e-18	-1.7772952e-13	0.0012568126	-0.0012168431	0.99899256	8.413287e-08	-8.1461884e-08	1
0	0.00055638596	-0.0005337335	0.9996941	0	0	0.30500022	0.00055638596	-0.0005337335	0.99969417	-1.7814919e-13	2.2202495e-15	2.6699438e-18	-1.780844e-13	0.0011126975	-0.0010673957	0.9993882	7.446049e-08	-7.142768e-08	1
0	0.00041994714	-0.0003960924	0.99990386	0	0	0.3549996	0.00041994714	-0.0003960924	0.9999038	-1.7814988e-13	2.220893e-15	2.500809e-19	-1.7844114e-13	0.0008398382	-0.0007921319	0.9998076	5.6146437e-08	-5.2957127e-08	1
0	0.0003747841	-0.00035351026	0.99991703	0	0	0.40499973	0.00037478414	-0.00035351026	0.99991703	-1.7814988e-13	2.2209496e-15	2.2899216e-19	-1.7879501e-13	0.00074951816	-0.0007069733	0.99983394	5.0083095e-08	-4.724026e-08	1
0	0.0003383824	-0.00031918113	0.9999274	0	0	0.45500082	0.00033838238	-0.00031918113	0.9999274	-1.7814988e-13	2.220994e-15	2.111014e-19	-1.7914888e-13	0.0006767196	-0.00063831965	0.99985474	4.5196014e-08	-4.263142e-08	1
0	0.0003084238	-0.00029092297	0.9999358	0	0	0.5050003	0.0003084238	-0.00029092297	0.9999358	-1.7814988e-13	2.2210307e-15	1.9571533e-19	-1.7950275e-13	0.0006168063	-0.00058180705	0.9998716	4.1173976e-08	-3.883767e-08	1
0	0.00028333807	-0.0002672583	0.99994266	0	0	0.55500025	0.00028333807	-0.0002672583	0.9999427	-1.7814987e-13	2.2210601e-15	1.8233176e-19	-1.7985662e-13	0.0005666383	-0.0005344809	0.99988544	3.780616e-08	-3.5660623e-08	1
0	0.00026202388	-0.0002471498	0.99994844	0	0	0.60500026	0.00026202388	-0.0002471498	0.99994844	-1.7814987e-13	2.221084e-15	1.705772e-19	-1.802105e-13	0.00052401284	-0.0004942666	0.999897	3.4944694e-08	-3.2961026e-08	1
0	0.00024369116	-0.00022985323	0.99995327	0	0	0.6549993	0.00024369116	-0.00022985323	0.99995327	-1.7814987e-13	2.2211053e-15	1.6016762e-19	-1.805644e-13	0.0004873498	-0.00045967585	0.9999066	3.248352e-08	-3.0638958e-08	1
0	0.00022775304	-0.00021481542	0.99995744	0	0	0.70500124	0.00022775306	-0.00021481543	0.99995744	-1.7814981e-13	2.2211228e-15	1.5088232e-19	-1.8091824e-13	0.00045547573	-0.00042960222	0.9999149	3.0343834e-08	-2.8620143e-08	1
0	0.00021377095	-0.00020162281	0.9999611	0	0	0.7549992	0.00021377095	-0.00020162281	0.9999611	-1.7814981e-13	2.221138e-15	1.4254735e-19	-1.8127214e-13	0.00042751344	-0.00040321876	0.99992216	2.8466763e-08	-2.6849063e-08	1
0	0.00020140786	-0.00018995775	0.9999641	0	0	0.80500025	0.00020140786	-0.00018995775	0.9999642	-1.7814979e-13	2.2211516e-15	1.350235e-19	-1.81626e-13	0.00040278892	-0.0003798902	0.9999285	2.6807045e-08	-2.5283061e-08	1
0	0.00019039489	-0.0001795666	0.9999669	0	0	0.85500133	0.00019039489	-0.0001795666	0.9999669	-1.7814977e-13	2.2211633e-15	1.2819772e-19	-1.8197988e-13	0.00038076445	-0.0003591093	0.99993384	2.5328596e-08	-2.3888092e-08	1
0	0.00018052322	-0.0001702523	0.9999693	0	0	0.9049992	0.00018052323	-0.0001702523	0.9999693	-1.7814977e-13	2.221173e-15	1.2197711e-19	-1.8233378e-13	0.00036102245	-0.00034048193	0.9999386	2.4003377e-08	-2.26377e-08	1
0	0.00017162439	-0.00016185598	0.9999715	0	0	0.95500135	0.00017162439	-0.00016185598	0.9999715	-1.7814976e-13	2.2211821e-15	1.1628514e-19	-1.8268766e-13	0.00034322595	-0.00032369047	0.99994296	2.2808766e-08	-2.1510555e-08	1
