# t (s)	mx ()	my ()	mz ()	B_extx (T)	B_exty (T)	B_extz (T)	mx ()	my ()	mz ()	E_anis (J)	E_demag (J)	E_exch (J)	E_total (J)	m_zrange1_x ()	m_zrange1_y ()	m_zrange1_z ()	m_zrange0_x ()	m_zrange0_y ()	m_zrange0_z ()
0	0	0	1	0	0	1	0	0	1	-1.7804318e-13	1.7992557e-15	-0	-1.8261403e-13	0	0	1	0	0	1
0	0.0001631065	-0.0001537968	0.99997467	0	0	0.94999886	0.0001631065	-0.0001537968	0.99997467	-1.7804366e-13	1.7991687e-15	1.01376025e-19	-1.8229582e-13	0.0003261913	-0.00030757318	0.9999493	2.1672006e-08	-2.043503e-08	1
0	0.00017101731	-0.00016125945	0.9999728	0	0	0.900001	0.00017101731	-0.00016125945	0.99997294	-1.7804367e-13	1.7991624e-15	1.05993243e-19	-1.8197733e-13	0.00034201192	-0.0003224975	0.99994576	2.2733312e-08	-2.1436204e-08	1
0	0.00017973309	-0.00016948182	0.9999709	0	0	0.849999	0.00017973308	-0.0001694818	0.9999709	-1.7804367e-13	1.7991556e-15	1.1100914e-19	-1.8165882e-13	0.00035944226	-0.00033894106	0.9999418	2.390262e-08	-2.2539313e-08	1
0	0.00018938538	-0.00017858787	0.99996865	0	0	0.8000007	0.00018938538	-0.00017858787	0.99996865	-1.7804368e-13	1.7991475e-15	1.1647742e-19	-1.8134034e-13	0.00037874555	-0.00035715196	0.99993736	2.5197583e-08	-2.3760991e-08	1
0	0.0002001313	-0.00018872612	0.99996614	0	0	0.75	0.0002001313	-0.00018872612	0.99996614	-1.7804371e-13	1.7991395e-15	1.2246219e-19	-1.8102185e-13	0.000400236	-0.0003774271	0.99993235	2.6639281e-08	-2.512115e-08	1
0	0.00021217238	-0.00020008656	0.99996334	0	0	0.69999945	0.00021217238	-0.00020008656	0.9999633	-1.7804371e-13	1.7991295e-15	1.2904036e-19	-1.8070335e-13	0.0004243165	-0.00040014647	0.99992657	2.8254753e-08	-2.6645303e-08	1
0	0.00022575282	-0.00021289999	0.99996006	0	0	0.6500008	0.00022575282	-0.00021289999	0.99996006	-1.7804374e-13	1.7991179e-15	1.363054e-19	-1.8038488e-13	0.00045147556	-0.0004257716	0.99992007	3.007676e-08	-2.83644e-08	1
0	0.00024118734	-0.00022746368	0.99995625	0	0	0.59999925	0.00024118734	-0.00022746368	0.99995625	-1.7804375e-13	1.799105e-15	1.443718e-19	-1.800664e-13	0.00048234256	-0.00045489703	0.99991244	3.2147533e-08	-3.0318333e-08	1
0	0.00025888855	-0.00024416705	0.99995184	0	0	0.5499998	0.00025888855	-0.00024416705	0.99995184	-1.7804375e-13	1.79909e-15	1.5338203e-19	-1.7974789e-13	0.0005177426	-0.00048830156	0.9999037	3.4522436e-08	-3.255935e-08	1
0	0.0002793906	-0.0002635148	0.9999466	0	0	0.5	0.00027939063	-0.00026351484	0.9999466	-1.7804376e-13	1.799072e-15	1.6351537e-19	-1.794294e-13	0.000558744	-0.0005269945	0.99989325	3.727313e-08	-3.515517e-08	1
0	0.0003034172	-0.00028619057	0.99994045	0	0	0.4500005	0.0003034172	-0.00028619057	0.99994045	-1.7804376e-13	1.79905e-15	1.7500121e-19	-1.7911092e-13	0.000606794	-0.0005723429	0.99988085	4.0496715e-08	-3.819751e-08	1
0	0.00033196242	-0.00031313355	0.99993294	0	0	0.40000036	0.00033196242	-0.00031313355	0.99993294	-1.7804376e-13	1.7990243e-15	1.8813874e-19	-1.7879242e-13	0.0006638805	-0.0006262253	0.9998658	4.432657e-08	-4.1812395e-08	1
0	0.00036643154	-0.00034567207	0.9999237	0	0	0.34999973	0.00036643154	-0.00034567207	0.9999237	-1.7804378e-13	1.798992e-15	2.0332633e-19	-1.7847393e-13	0.00073281414	-0.00069129805	0.99984735	4.8951257e-08	-4.6178048e-08	1
0	0.00040888003	-0.00038574962	0.99991214	0	0	0.29999962	0.00040888	-0.0003857496	0.99991214	-1.7804376e-13	1.7989519e-15	2.2110856e-19	-1.7815545e-13	0.00081770547	-0.00077144767	0.9998242	5.464655e-08	-5.155521e-08	1
0	0.00046244264	-0.00043633094	0.99989724	0	0	0.25	0.00046244264	-0.00043633094	0.99989724	-1.7804376e-13	1.7989e-15	2.4225352e-19	-1.7783698e-13	0.0009248234	-0.00087260356	0.9997945	6.1833056e-08	-5.8341705e-08	1
0	0.0005402627	-0.00050984375	0.9998752	0	0	0.19499981	0.0005402627	-0.0005098437	0.9998752	-1.7804376e-13	1.798823e-15	2.707562e-19	-1.7748669e-13	0.0010804533	-0.0010196193	0.99975044	7.227423e-08	-6.820494e-08	1
0	0.0005486566	-0.00051777577	0.9998728	0	0	0.19000006	0.0005486566	-0.00051777577	0.9998728	-1.7804376e-13	1.7988149e-15	2.7368912e-19	-1.7745484e-13	0.0010972397	-0.0010354824	0.9997456	7.3400436e-08	-6.926919e-08	1
0	0.0005573142	-0.0005259563	0.9998703	0	0	0.18499996	0.0005573142	-0.0005259562	0.9998703	-1.7804375e-13	1.798806e-15	2.7668799e-19	-1.7742299e-13	0.0011145538	-0.0010518421	0.9997406	7.456203e-08	-7.036678e-08	1
0	0.00056624366	-0.0005343944	0.99986774	0	0	0.18000017	0.00056624366	-0.0005343944	0.99986774	-1.7804375e-13	1.798797e-15	2.7975507e-19	-1.7739114e-13	0.0011324115	-0.0010687173	0.9997355	7.576011e-08	-7.149893e-08	1
0	0.0005754717	-0.00054311455	0.9998651	0	0	0.17499986	0.0005754717	-0.00054311455	0.9998651	-1.7804375e-13	1.7987875e-15	2.828928e-19	-1.773593e-13	0.0011508665	-0.0010861566	0.99973017	7.699825e-08	-7.266892e-08	1
0	0.00058500486	-0.0005521235	0.9998623	0	0	0.17000006	0.00058500486	-0.00055212347	0.9998623	-1.7804375e-13	1.798778e-15	2.8610407e-19	-1.7732746e-13	0.0011699315	-0.0011041733	0.9997247	7.827733e-08	-7.387766e-08	1
0	0.0005948523	-0.00056143	0.9998595	0	0	0.1650002	0.0005948523	-0.00056143	0.9998595	-1.7804375e-13	1.7987678e-15	2.8939126e-19	-1.7729561e-13	0.001189625	-0.0011227849	0.999719	7.9598564e-08	-7.5126316e-08	1
0	0.00060503115	-0.0005710515	0.9998566	0	0	0.15999989	0.0006050312	-0.0005710515	0.9998566	-1.7804375e-13	1.7987577e-15	2.9275796e-19	-1.7726376e-13	0.0012099815	-0.0011420265	0.9997132	8.096426e-08	-7.641724e-08	1
0	0.0006155808	-0.0005810222	0.9998535	0	0	0.15500008	0.0006155808	-0.0005810222	0.99985355	-1.7804375e-13	1.7987469e-15	2.9620637e-19	-1.7723193e-13	0.0012310793	-0.0011619667	0.999707	8.2379735e-08	-7.775502e-08	1
0	0.0006264942	-0.00059133826	0.99985033	0	0	0.14999981	0.0006264942	-0.0005913382	0.99985033	-1.7804372e-13	1.7987359e-15	2.9974068e-19	-1.7720007e-13	0.0012529043	-0.0011825972	0.9997006	8.3843986e-08	-7.913913e-08	1
0	0.00063780346	-0.0006020289	0.99984705	0	0	0.14500023	0.0006378035	-0.00060202886	0.99984705	-1.7804374e-13	1.7987242e-15	3.0336366e-19	-1.7716823e-13	0.0012755216	-0.0012039772	0.9996941	8.536137e-08	-8.0573514e-08	1
0	0.00064952765	-0.00061311235	0.99984366	0	0	0.14000009	0.00064952765	-0.00061311235	0.99984366	-1.7804372e-13	1.7987124e-15	3.0707943e-19	-1.7713635e-13	0.0012989684	-0.0012261425	0.9996872	8.693443e-08	-8.206059e-08	1
0	0.0006616914	-0.0006246116	0.9998401	0	0	0.13500017	0.0006616914	-0.0006246116	0.9998401	-1.7804371e-13	1.7986999e-15	3.1089141e-19	-1.7710452e-13	0.0013232942	-0.0012491397	0.99968004	8.8566445e-08	-8.360346e-08	1
0	0.0006743206	-0.0006365521	0.99983644	0	0	0.13000007	0.0006743206	-0.0006365521	0.99983644	-1.7804368e-13	1.7986872e-15	3.148043e-19	-1.7707266e-13	0.0013485509	-0.001273019	0.9996728	9.026093e-08	-8.5205535e-08	1
0	0.00068742654	-0.00064894505	0.9998325	0	0	0.125	0.0006874264	-0.00064894505	0.9998325	-1.7804368e-13	1.7986734e-15	3.1882214e-19	-1.7704081e-13	0.001374761	-0.0012978031	0.999665	9.201936e-08	-8.686831e-08	1
0	0.0007010732	-0.0006618492	0.9998285	0	0	0.11999989	0.00070107327	-0.0006618492	0.9998285	-1.7804368e-13	1.7986596e-15	3.2294982e-19	-1.7700897e-13	0.0014020526	-0.0013236097	0.99965703	9.385037e-08	-8.859966e-08	1
0	0.0007152709	-0.0006752752	0.9998243	0	0	0.11499984	0.0007152709	-0.0006752752	0.99982435	-1.7804367e-13	1.798645e-15	3.2719183e-19	-1.7697713e-13	0.0014304459	-0.0013504599	0.9996486	9.575529e-08	-9.040106e-08	1
0	0.00073003594	-0.0006892403	0.99982	0	0	0.10999988	0.00073003594	-0.0006892403	0.99982	-1.7804366e-13	1.7986296e-15	3.3155392e-19	-1.7694529e-13	0.0014599741	-0.0013783884	0.99964	9.7736326e-08	-9.2274774e-08	1
0	0.0007454349	-0.0007038048	0.99981546	0	0	0.10499983	0.0007454349	-0.0007038048	0.99981546	-1.7804366e-13	1.7986137e-15	3.3604135e-19	-1.7691344e-13	0.00149077	-0.0014075154	0.9996309	9.980245e-08	-9.422891e-08	1
0	0.0007614922	-0.0007189939	0.9998107	0	0	0.10000009	0.0007614923	-0.00071899395	0.9998107	-1.7804366e-13	1.798597e-15	3.4066025e-19	-1.7688161e-13	0.0015228826	-0.0014378915	0.9996214	1.01956886e-07	-9.6266874e-08	1
0	0.0007782665	-0.00073486246	0.9998057	0	0	0.09500003	0.0007782665	-0.00073486246	0.9998057	-1.7804364e-13	1.7985794e-15	3.4541718e-19	-1.7684976e-13	0.0015564286	-0.0014696264	0.99961144	1.042075e-07	-9.839597e-08	1
0	0.0007957769	-0.0007514295	0.9998005	0	0	0.090000086	0.0007957769	-0.0007514295	0.9998005	-1.7804364e-13	1.7985614e-15	3.503186e-19	-1.7681792e-13	0.0015914475	-0.0015027585	0.999601	1.0655693e-07	-1.0061879e-07	1
0	0.00081410166	-0.0007687691	0.9997951	0	0	0.08500003	0.00081410166	-0.0007687692	0.99979514	-1.7804362e-13	1.7985421e-15	3.553723e-19	-1.7678609e-13	0.0016280944	-0.0015374355	0.99959016	1.0901559e-07	-1.02945286e-07	1
0	0.00083328946	-0.000786927	0.99978936	0	0	0.079999946	0.00083328946	-0.000786927	0.9997894	-1.7804359e-13	1.7985222e-15	3.6058605e-19	-1.7675421e-13	0.0016664674	-0.0015737487	0.9995787	1.1159005e-07	-1.0538156e-07	1
0	0.00085340434	-0.0008059634	0.9997834	0	0	0.074999906	0.00085340434	-0.0008059634	0.99978334	-1.7804359e-13	1.798501e-15	3.6596812e-19	-1.7672238e-13	0.0017066943	-0.0016118189	0.99956673	1.14288895e-07	-1.07935705e-07	1
0	0.0008744805	-0.00082591444	0.9997771	0	0	0.070000045	0.0008744805	-0.00082591444	0.9997771	-1.7804357e-13	1.7984788e-15	3.7152758e-19	-1.7669053e-13	0.001748844	-0.0016517183	0.99955404	1.1711673e-07	-1.1061256e-07	1
0	0.00089663075	-0.0008468837	0.9997704	0	0	0.065000035	0.00089663075	-0.0008468837	0.9997704	-1.7804355e-13	1.7984555e-15	3.7727504e-19	-1.7665868e-13	0.0017931412	-0.0016936539	0.9995408	1.2008866e-07	-1.1342601e-07	1
0	0.0009200124	-0.00086901925	0.99976337	0	0	0.059999947	0.0009200124	-0.00086901925	0.9997635	-1.7804353e-13	1.798431e-15	3.8322053e-19	-1.7662683e-13	0.0018399016	-0.0017379221	0.99952686	1.2322583e-07	-1.16396016e-07	1
0	0.0009445858	-0.00089228794	0.99975604	0	0	0.05499994	0.0009445858	-0.00089228794	0.99975604	-1.7804352e-13	1.7984051e-15	3.8937568e-19	-1.7659501e-13	0.001889045	-0.0017844563	0.99951214	1.2652288e-07	-1.19518e-07	1
0	0.00097050524	-0.0009168349	0.9997483	0	0	0.050000045	0.0009705052	-0.000916835	0.9997483	-1.780435e-13	1.7983778e-15	3.9575309e-19	-1.7656316e-13	0.0019408804	-0.0018335471	0.9994965	1.3000056e-07	-1.2281153e-07	1
0	0.0009978536	-0.00094273884	0.99974	0	0	0.045000043	0.0009978537	-0.00094273884	0.99974	-1.7804348e-13	1.7983488e-15	4.0236541e-19	-1.7653132e-13	0.0019955735	-0.0018853515	0.9994801	1.3366996e-07	-1.2628712e-07	1
0	0.0010268498	-0.0009702095	0.9997313	0	0	0.039999973	0.0010268498	-0.0009702095	0.9997313	-1.7804345e-13	1.7983179e-15	4.0923006e-19	-1.7649945e-13	0.002053562	-0.001940289	0.9994626	1.3756042e-07	-1.2997289e-07	1
0	0.0010574355	-0.0009991901	0.999722	0	0	0.035000023	0.0010574355	-0.0009991901	0.999722	-1.7804343e-13	1.7982853e-15	4.1636025e-19	-1.7646762e-13	0.002114729	-0.0019982464	0.99944407	1.4166415e-07	-1.3386128e-07	1
0	0.0010901344	-0.0010301793	0.9997122	0	0	0.029999973	0.0010901344	-0.0010301794	0.9997122	-1.7804341e-13	1.7982505e-15	4.2377667e-19	-1.7643578e-13	0.0021801225	-0.0020602206	0.99942434	1.4605146e-07	-1.3801917e-07	1
0	0.0011247903	-0.0010630295	0.99970174	0	0	0.025000023	0.0011247902	-0.0010630295	0.99970174	-1.780434e-13	1.7982137e-15	4.3149672e-19	-1.7640395e-13	0.0022494297	-0.0021259163	0.99940336	1.5070131e-07	-1.4242673e-07	1
0	0.001161713	-0.0010980362	0.99969053	0	0	0.019999987	0.001161713	-0.0010980362	0.9996905	-1.7804334e-13	1.798174e-15	4.395423e-19	-1.7637209e-13	0.0023232705	-0.0021959255	0.99938095	1.5565536e-07	-1.4712367e-07	1
0	0.001201138	-0.0011354233	0.9996785	0	0	0.014999987	0.001201138	-0.0011354234	0.99967843	-1.780433e-13	1.7981317e-15	4.4793764e-19	-1.7634025e-13	0.0024021151	-0.0022706946	0.99935704	1.6094506e-07	-1.5213998e-07	1
0	0.0012432255	-0.0011753426	0.99966574	0	0	0.009999993	0.0012432254	-0.0011753426	0.9996657	-1.7804328e-13	1.7980868e-15	4.5670854e-19	-1.763084e-13	0.0024862844	-0.0023505273	0.9993314	1.6659202e-07	-1.5749599e-07	1
0	0.0012886238	-0.0012184172	0.9996519	0	0	0.0049999966	0.0012886238	-0.0012184172	0.99965197	-1.7804322e-13	1.7980381e-15	4.658857e-19	-1.7627656e-13	0.0025770748	-0.002436671	0.99930394	1.7268324e-07	-1.6327544e-07	1
0	0.0013372847	-0.0012645982	0.9996371	0	0	-9.887924e-17	0.0013372847	-0.0012645982	0.9996371	-1.7804318e-13	1.7979858e-15	4.7550017e-19	-1.7624472e-13	0.00267439	-0.002529027	0.99927425	1.7921218e-07	-1.6947163e-07	1
0	0.0013897921	-0.001314444	0.99962115	0	0	-0.0049999966	0.0013897921	-0.001314444	0.99962115	-1.7804314e-13	1.7979293e-15	4.855889e-19	-1.7621289e-13	0.0027793976	-0.0026287118	0.9992422	1.8625722e-07	-1.7615955e-07	1
0	0.0014465735	-0.0013683629	0.99960375	0	0	-0.009999993	0.0014465738	-0.001368363	0.99960375	-1.7804309e-13	1.797868e-15	4.961938e-19	-1.7618104e-13	0.002892953	-0.0027365426	0.9992076	1.9387576e-07	-1.8339398e-07	1
0	0.0015082029	-0.0014269053	0.99958503	0	0	-0.014999987	0.0015082029	-0.0014269053	0.99958503	-1.7804303e-13	1.7978016e-15	5.0736095e-19	-1.761492e-13	0.0030162036	-0.0028536194	0.99916995	2.0214468e-07	-1.9124873e-07	1
0	0.0015753333	-0.0014906955	0.9995645	0	0	-0.019999987	0.0015753331	-0.0014906956	0.9995645	-1.7804295e-13	1.7977292e-15	5.191443e-19	-1.7611737e-13	0.003150455	-0.0029811915	0.99912894	2.1115171e-07	-1.998076e-07	1
0	0.0016486569	-0.0015603964	0.99954206	0	0	-0.025000023	0.0016486569	-0.0015603964	0.99954206	-1.7804288e-13	1.79765e-15	5.316037e-19	-1.7608552e-13	0.0032970926	-0.0031205837	0.99908406	2.2098975e-07	-2.0915952e-07	1
0	0.0017291924	-0.0016369858	0.99951744	0	0	-0.029999973	0.0017291924	-0.0016369859	0.99951744	-1.7804282e-13	1.7975627e-15	5.4480933e-19	-1.7605368e-13	0.0034581535	-0.0032737525	0.9990349	2.3179541e-07	-2.1943569e-07	1
0	0.001817718	-0.001721193	0.99949026	0	0	-0.035000023	0.001817718	-0.001721193	0.9994903	-1.7804273e-13	1.7974668e-15	5.588414e-19	-1.7602186e-13	0.0036351925	-0.003442155	0.9989805	2.436731e-07	-2.3073395e-07	1
0	0.0019164637	-0.0018151982	0.9994601	0	0	-0.039999973	0.0019164637	-0.0018151981	0.9994601	-1.7804261e-13	1.79736e-15	5.737975e-19	-1.7599001e-13	0.0038326704	-0.003630153	0.99892014	2.5692205e-07	-2.4334685e-07	1
0	0.0020259558	-0.001919474	0.9994265	0	0	-0.045000043	0.0020259558	-0.001919474	0.9994265	-1.780425e-13	1.7972413e-15	5.897816e-19	-1.7595818e-13	0.00405164	-0.0038386905	0.99885297	2.716129e-07	-2.5733777e-07	1
0	0.0021490192	-0.00203672	0.9993888	0	0	-0.050000045	0.0021490192	-0.00203672	0.9993888	-1.780424e-13	1.7971077e-15	6.0693555e-19	-1.7592634e-13	0.00429775	-0.0040731668	0.9987776	2.8812457e-07	-2.7306896e-07	1
0	0.0022881872	-0.0021694172	0.9993463	0	0	-0.05499994	0.0022881872	-0.0021694172	0.9993463	-1.780422e-13	1.7969567e-15	6.2541027e-19	-1.7589451e-13	0.004576068	-0.004338544	0.9986925	3.0679712e-07	-2.9087317e-07	1
0	0.0024464559	-0.0023204172	0.9992978	0	0	-0.059999947	0.0024464556	-0.0023204172	0.9992978	-1.7804206e-13	1.7967852e-15	6.453991e-19	-1.758627e-13	0.0048925835	-0.0046405233	0.9985956	3.2803237e-07	-3.1113322e-07	1
0	0.002627618	-0.0024933321	0.9992422	0	0	-0.065000035	0.002627618	-0.002493332	0.9992422	-1.7804185e-13	1.7965878e-15	6.671362e-19	-1.7583085e-13	0.0052548843	-0.00498633	0.9984844	3.5233938e-07	-3.343336e-07	1
0	0.002838815	-0.002695158	0.9991776	0	0	-0.070000045	0.002838815	-0.0026951581	0.9991776	-1.7804161e-13	1.7963587e-15	6.9092277e-19	-1.7579902e-13	0.0056772493	-0.0053899544	0.99835515	3.806762e-07	-3.6141302e-07	1
0	0.0030862528	-0.0029316917	0.99910176	0	0	-0.074999906	0.0030862526	-0.0029316915	0.99910176	-1.7804132e-13	1.7960895e-15	7.171321e-19	-1.7576722e-13	0.0061720917	-0.0058629895	0.9982035	4.1387545e-07	-3.9314918e-07	1
0	0.0033826479	-0.0032153009	0.9990112	0	0	-0.079999946	0.0033826483	-0.0032153009	0.99901116	-1.7804101e-13	1.7957685e-15	7.462769e-19	-1.757354e-13	0.006764842	-0.0064301705	0.99802244	4.536435e-07	-4.312017e-07	1
0	0.0037410716	-0.0035585447	0.9989016	0	0	-0.08500003	0.0037410716	-0.0035585447	0.9989016	-1.7804059e-13	1.7953793e-15	7.7898835e-19	-1.7570357e-13	0.007481642	-0.0071166125	0.9978032	5.01734e-07	-4.772554e-07	1
0	0.0041870596	-0.003986064	0.9987656	0	0	-0.090000086	0.0041870596	-0.003986064	0.99876565	-1.7804005e-13	1.7948967e-15	8.162049e-19	-1.7567175e-13	0.008373558	-0.007971593	0.9975313	5.615731e-07	-5.3461645e-07	1
0	0.004755603	-0.0045315204	0.9985925	0	0	-0.09500003	0.004755603	-0.0045315204	0.9985926	-1.7803937e-13	1.7942822e-15	8.592354e-19	-1.7563995e-13	0.009510567	-0.009062432	0.9971851	6.3785575e-07	-6.0780144e-07	1
0	0.005504215	-0.0052500074	0.9983645	0	0	-0.10000009	0.005504215	-0.0052500074	0.99836457	-1.7803848e-13	1.7934724e-15	9.101173e-19	-1.7560814e-13	0.011007693	-0.010499309	0.99672914	7.382981e-07	-7.0420185e-07	1
0	0.006544466	-0.006248605	0.9980487	0	0	-0.10499983	0.006544465	-0.006248605	0.9980487	-1.7803723e-13	1.7923516e-15	9.722038e-19	-1.7557635e-13	0.013088053	-0.012496372	0.99609745	8.778701e-07	-8.381853e-07	1
0	0.008098397	-0.00773876	0.9975786	0	0	-0.10999988	0.008098397	-0.0077387607	0.99757856	-1.7803531e-13	1.7906842e-15	1.0517082e-18	-1.7554456e-13	0.016195709	-0.015476483	0.9951571	1.0863624e-06	-1.038121e-06	1
0	0.010715111	-0.010237461	0.996789	0	0	-0.11499984	0.010715112	-0.010237461	0.996789	-1.7803207e-13	1.787889e-15	1.162548e-18	-1.7551282e-13	0.021428784	-0.020473551	0.99357796	1.4374472e-06	-1.373373e-06	1
0	0.016367044	-0.015532556	0.99505746	0	0	-0.11999989	0.016367044	-0.015532556	0.99505746	-1.7802484e-13	1.7817937e-15	1.3520893e-18	-1.7548108e-13	0.03273189	-0.031063028	0.990115	2.1957587e-06	-2.0838108e-06	1
0	0.021993687	-0.0207395	0.99262553	0	0	-0.125	0.021993686	-0.0207395	0.9926256	-1.7801479e-13	1.7733378e-15	1.6095022e-18	-1.7544943e-13	0.043984428	-0.04147622	0.9852512	2.9506555e-06	-2.782405e-06	1
0	0.022911802	-0.021586904	0.992133	0	0	-0.13000007	0.0229118	-0.021586904	0.992133	-1.7801277e-13	1.7716411e-15	1.6761726e-18	-1.7541784e-13	0.045820534	-0.04317091	0.98426604	3.0738363e-06	-2.8961e-06	1
0	0.023419434	-0.022058811	0.9918352	0	0	-0.13500017	0.023419436	-0.022058811	0.9918351	-1.7801155e-13	1.7706169e-15	1.7187112e-18	-1.7538626e-13	0.046835728	-0.044114668	0.98367023	3.141947e-06	-2.9594173e-06	1
0	0.024039982	-0.022637935	0.991452	0	0	-0.14000009	0.02403998	-0.022637935	0.991452	-1.7800999e-13	1.7693012e-15	1.7740425e-18	-1.7535473e-13	0.048076738	-0.045272835	0.98290384	3.2252065e-06	-3.0371193e-06	1
0	0.024718082	-0.023272133	0.99101675	0	0	-0.14500023	0.024718082	-0.023272133	0.9910167	-1.780082e-13	1.7678102e-15	1.8364297e-18	-1.7532319e-13	0.049432844	-0.046541143	0.9820334	3.3161882e-06	-3.1222107e-06	1
0	0.025567248	-0.02406735	0.9904522	0	0	-0.14999981	0.025567247	-0.02406735	0.99045223	-1.7800591e-13	1.7658816e-15	1.9159885e-18	-1.7529172e-13	0.051131066	-0.048131477	0.9809044	3.430121e-06	-3.2289054e-06	1
0	0.026574386	-0.025011241	0.98975813	0	0	-0.15500008	0.026574386	-0.025011241	0.98975813	-1.780031e-13	1.7635184e-15	2.0116511e-18	-1.7526032e-13	0.053145207	-0.050019126	0.9795162	3.5652486e-06	-3.3555475e-06	1
0	0.027871786	-0.026227694	0.9888273	0	0	-0.15999989	0.027871786	-0.026227694	0.9888273	-1.7799934e-13	1.7603637e-15	2.1364582e-18	-1.7522901e-13	0.05573983	-0.052451868	0.9776546	3.7393188e-06	-3.518758e-06	1
0	0.029390736	-0.027652215	0.9876859	0	0	-0.1650002	0.029390736	-0.027652215	0.98768604	-1.7799473e-13	1.756519e-15	2.2851137e-18	-1.751978e-13	0.058777533	-0.05530072	0.97537214	3.943114e-06	-3.7098846e-06	1
0	0.031296454	-0.029439721	0.98617524	0	0	-0.17000006	0.031296454	-0.029439721	0.98617524	-1.779887e-13	1.7514697e-15	2.4760481e-18	-1.751668e-13	0.06258871	-0.058875494	0.9723504	4.1987996e-06	-3.9497113e-06	1
0	0.03486936	-0.03279026	0.9831089	0	0	-0.17499986	0.03486936	-0.03279026	0.9831089	-1.7797656e-13	1.7413702e-15	2.845298e-18	-1.751364e-13	0.069734044	-0.06557612	0.96621764	4.6781606e-06	-4.3992413e-06	1
0	-0.00068099174	0.00045736672	0.0008853685	0	0	-0.18000017	-0.00068099174	0.0004573667	0.0008853685	-1.7804142e-13	1.7954464e-15	5.0639024e-17	-1.7619432e-13	-0.0013618919	0.000914672	-0.99822927	-9.1463235e-08	6.1314196e-08	1
0	-0.00062039855	0.0005347372	0.00026132062	0	0	-0.18499996	-0.00062039855	0.0005347372	0.00026132062	-1.7804328e-13	1.797027e-15	4.8500346e-17	-1.7619745e-13	-0.0012407138	0.0010694026	-0.9994773	-8.330518e-08	7.178264e-08	1
0	-0.00057433586	0.0005420321	0.00013457247	0	0	-0.19000006	-0.00057433586	0.0005420321	0.00013457247	-1.7804375e-13	1.7973927e-15	4.7455722e-17	-1.7619875e-13	-0.0011485945	0.0010839915	-0.9997309	-7.71103e-08	7.2773176e-08	1
0	-0.00056516565	0.0005333802	0.00013192787	0	0	-0.19499981	-0.00056516565	0.00053338014	0.00013192787	-1.7804375e-13	1.7974018e-15	4.7452844e-17	-1.7619874e-13	-0.0011302555	0.0010666887	-0.99973613	-7.588257e-08	7.1614814e-08	1
0	-0.0005476319	0.0005168134	0.00012689922	0	0	-0.20499994	-0.0005476319	0.0005168134	0.00012689922	-1.7804376e-13	1.7974196e-15	4.7447265e-17	-1.7619874e-13	-0.0010951903	0.0010335573	-0.9997462	-7.3535034e-08	6.939674e-08	1
0	-0.00047412445	0.00044736915	0.000106026026	0	0	-0.25499967	-0.00047412445	0.00044736915	0.000106026026	-1.7804376e-13	1.7974924e-15	4.7422595e-17	-1.7619868e-13	-0.0009481852	0.0008946782	-0.9997879	-6.369345e-08	6.009915e-08	1
0	-0.0004179856	0.0003943509	9.0388516e-05	0	0	-0.30500022	-0.0004179856	0.0003943509	9.0388516e-05	-1.7804378e-13	1.7975469e-15	4.740218e-17	-1.7619864e-13	-0.0008359151	0.0007886489	-0.99981916	-5.6177274e-08	5.3000765e-08	1
0	-0.00037373358	0.00035256761	7.828374e-05	0	0	-0.3549996	-0.00037373358	0.00035256761	7.828374e-05	-1.7804376e-13	1.797589e-15	4.7384975e-17	-1.7619861e-13	-0.000747417	0.0007050879	-0.99984336	-5.02526e-08	4.74066e-08	1
0	-0.0003379462	0.00031878316	6.867705e-05	0	0	-0.40499973	-0.00033794617	0.00031878313	6.867705e-05	-1.7804376e-13	1.7976224e-15	4.7370258e-17	-1.7619859e-13	-0.0006758469	0.0006375234	-0.99986273	-4.5461213e-08	4.2883354e-08	1
0	-0.0003084123	0.0002909058	6.0888142e-05	0	0	-0.45500082	-0.00030841227	0.0002909058	6.0888142e-05	-1.7804376e-13	1.7976493e-15	4.7357506e-17	-1.7619857e-13	-0.00061678304	0.0005817724	-0.9998782	-4.15071e-08	3.9151026e-08	1
0	-0.000283619	0.00026750605	5.446618e-05	0	0	-0.5050003	-0.00028361898	0.00026750605	5.446618e-05	-1.7804376e-13	1.7976718e-15	4.7346343e-17	-1.7619857e-13	-0.00056719984	0.000534976	-0.99989104	-3.8187682e-08	3.6018168e-08	1
0	-0.00026251818	0.00024759272	4.9095925e-05	0	0	-0.55500025	-0.00026251815	0.00024759272	4.9095925e-05	-1.7804375e-13	1.79769e-15	4.7336476e-17	-1.7619855e-13	-0.00052500097	0.0004951521	-0.99990183	-3.536265e-08	3.3352112e-08	1
0	-0.0002443348	0.00023043412	4.454502e-05	0	0	-0.60500026	-0.0002443348	0.00023043412	4.454502e-05	-1.7804375e-13	1.7977059e-15	4.73277e-17	-1.7619855e-13	-0.0004886366	0.00046083715	-0.9999109	-3.2928217e-08	3.105487e-08	1
0	-0.00022850414	0.00021549666	4.0648047e-05	0	0	-0.6549993	-0.00022850414	0.00021549666	4.0648047e-05	-1.7804374e-13	1.7977192e-15	4.7319843e-17	-1.7619852e-13	-0.00045697746	0.00043096428	-0.99991864	-3.0808778e-08	2.9055009e-08	1
0	-0.00021460294	0.00020238028	3.7282804e-05	0	0	-0.70500124	-0.00021460294	0.00020238028	3.7282804e-05	-1.7804371e-13	1.797731e-15	4.731275e-17	-1.7619849e-13	-0.00042917693	0.00040473326	-0.9999254	-2.8947682e-08	2.7298976e-08	1
0	-0.0002022924	0.0001907655	3.4347137e-05	0	0	-0.7549992	-0.00020229242	0.00019076548	3.4347137e-05	-1.7804371e-13	1.797741e-15	4.7306327e-17	-1.7619849e-13	-0.0004045575	0.0003815052	-0.99993134	-2.7299539e-08	2.5743981e-08	1
0	-0.00019131854	0.00018041214	3.177126e-05	0	0	-0.80500025	-0.00019131854	0.00018041216	3.177126e-05	-1.7804368e-13	1.7977501e-15	4.7300477e-17	-1.7619847e-13	-0.0003826113	0.00036079995	-0.99993646	-2.5830376e-08	2.4357881e-08	1
0	-0.00018147274	0.0001711235	2.9496485e-05	0	0	-0.85500133	-0.00018147274	0.0001711235	2.9496481e-05	-1.7804367e-13	1.7977578e-15	4.7295133e-17	-1.7619845e-13	-0.00036292098	0.00034222385	-0.99994105	-2.4512236e-08	2.3114328e-08	1
0	-0.00017259111	0.00016274468	2.7474449e-05	0	0	-0.9049992	-0.00017259111	0.00016274468	2.7474449e-05	-1.7804367e-13	1.7977648e-15	4.729023e-17	-1.7619845e-13	-0.00034515886	0.00032546735	-0.99994504	-2.3323189e-08	2.1992594e-08	1
0	-0.00016453772	0.00015514744	2.566725e-05	0	0	-0.95500135	-0.00016453772	0.00015514744	2.566725e-05	-1.7804366e-13	1.7977709e-15	4.728571e-17	-1.7619844e-13	-0.0003290532	0.00031027387	-0.9999487	-2.2245036e-08	2.09755e-08	1
0	-0.00015790587	0.00014889143	2.4200002e-05	0	0	-1	-0.00015790587	0.00014889143	2.4200002e-05	-1.7804366e-13	1.797776e-15	4.7281938e-17	-1.7619844e-13	-0.0003157904	0.00029776272	-0.99995154	-2.1357197e-08	2.0137973e-08	1
0	-0.00016530465	0.00015587048	2.5839056e-05	0	0	-0.94999886	-0.00016530465	0.00015587048	2.5839057e-05	-1.7804366e-13	1.7977705e-15	4.728615e-17	-1.7619844e-13	-0.00033058698	0.0003117199	-0.99994826	-2.2347702e-08	2.1072294e-08	1
0	-0.00017343546	0.00016354072	2.7665721e-05	0	0	-0.900001	-0.00017343546	0.00016354071	2.7665723e-05	-1.7804367e-13	1.7977641e-15	4.7290706e-17	-1.7619845e-13	-0.00034684746	0.00032705933	-0.9999447	-2.3436218e-08	2.2099155e-08	1
0	-0.000182406	0.00017200346	2.9711808e-05	0	0	-0.849999	-0.000182406	0.00017200346	2.9711808e-05	-1.7804367e-13	1.7977571e-15	4.7295646e-17	-1.7619845e-13	-0.00036478735	0.0003439837	-0.99994063	-2.4637167e-08	2.3232126e-08	1
0	-0.00019235589	0.00018139032	3.201469e-05	0	0	-0.8000007	-0.00019235587	0.00018139032	3.201469e-05	-1.7804368e-13	1.797749e-15	4.7301046e-17	-1.7619847e-13	-0.0003846858	0.00036275617	-0.999936	-2.596924e-08	2.4488829e-08	1
0	-0.00020345091	0.00019185807	3.4621837e-05	0	0	-0.75	-0.00020345091	0.00019185807	3.462184e-05	-1.7804371e-13	1.7977402e-15	4.7306946e-17	-1.7619849e-13	-0.00040687434	0.00038369023	-0.9999308	-2.7454627e-08	2.5890238e-08	1
0	-0.00021590761	0.00020361073	3.7597754e-05	0	0	-0.69999945	-0.00021590761	0.00020361073	3.759775e-05	-1.7804374e-13	1.7977302e-15	4.731342e-17	-1.761985e-13	-0.00043178606	0.00040719396	-0.9999248	-2.9122335e-08	2.7463695e-08	1
0	-0.00022998227	0.00021689088	4.1009753e-05	0	0	-0.6500008	-0.00022998227	0.00021689088	4.100975e-05	-1.7804374e-13	1.7977184e-15	4.7320584e-17	-1.7619855e-13	-0.0004599335	0.00043375252	-0.999918	-3.100665e-08	2.924165e-08	1
0	-0.0002460244	0.00023202796	4.496779e-05	0	0	-0.59999925	-0.0002460244	0.00023202796	4.496779e-05	-1.7804375e-13	1.7977044e-15	4.7328535e-17	-1.7619855e-13	-0.0004920156	0.00046402463	-0.99991006	-3.3154393e-08	3.1268232e-08	1
0	-0.0002644672	0.00024943153	4.9590748e-05	0	0	-0.5499998	-0.0002644672	0.00024943158	4.959075e-05	-1.7804375e-13	1.7976885e-15	4.733741e-17	-1.7619855e-13	-0.00052889873	0.0004988295	-0.9999008	-3.562356e-08	3.3598273e-08	1
0	-0.00028590197	0.00026965982	5.5055887e-05	0	0	-0.5	-0.00028590197	0.00026965982	5.5055887e-05	-1.7804376e-13	1.7976697e-15	4.734739e-17	-1.7619857e-13	-0.0005717655	0.0005392833	-0.9998899	-3.8493315e-08	3.6306506e-08	1
0	-0.00031110845	0.00029344985	6.1597486e-05	0	0	-0.4500005	-0.00031110845	0.00029344985	6.1597486e-05	-1.7804376e-13	1.7976468e-15	4.73587e-17	-1.7619859e-13	-0.00062217505	0.00058686023	-0.99987686	-4.1868038e-08	3.94916e-08	1
0	-0.00034119238	0.00032184602	6.95443e-05	0	0	-0.40000036	-0.00034119238	0.000321846	6.95443e-05	-1.7804376e-13	1.7976193e-15	4.737163e-17	-1.761986e-13	-0.00068233884	0.0006436487	-0.9998609	-4.58958e-08	4.3293408e-08	1
0	-0.0003777087	0.00035631855	7.936601e-05	0	0	-0.34999973	-0.00037770873	0.00035631855	7.936601e-05	-1.7804376e-13	1.7975852e-15	4.7386573e-17	-1.7619861e-13	-0.00075536664	0.0007125891	-0.9998413	-5.0784784e-08	4.7908763e-08	1
0	-0.00042297028	0.0003990537	9.1767186e-05	0	0	-0.29999962	-0.00042297028	0.00039905374	9.1767186e-05	-1.7804378e-13	1.7975422e-15	4.7404067e-17	-1.7619866e-13	-0.0008458836	0.00079805386	-0.9998165	-5.6844634e-08	5.3630384e-08	1
0	-0.00048053794	0.0004534219	0.000107837914	0	0	-0.25	-0.00048053794	0.0004534219	0.000107837914	-1.7804376e-13	1.797486e-15	4.742485e-17	-1.7619868e-13	-0.00096101145	0.00090678287	-0.99978435	-6.45521e-08	6.09095e-08	1
0	-0.00056511303	0.00053332484	0.00013192269	0	0	-0.19499981	-0.0005651131	0.00053332484	0.00013192269	-1.7804375e-13	1.797402e-15	4.7452837e-17	-1.7619875e-13	-0.0011301504	0.0010665781	-0.9997362	-7.58755e-08	7.160739e-08	1
0	-0.000574304	0.00054201117	0.00013456905	0	0	-0.19000006	-0.000574304	0.00054201117	0.00013456907	-1.7804375e-13	1.7973927e-15	4.745572e-17	-1.7619875e-13	-0.0011485307	0.0010839496	-0.9997309	-7.710603e-08	7.277037e-08	1
0	-0.0005837966	0.0005509815	0.00013730436	0	0	-0.18499996	-0.0005837966	0.0005509815	0.00013730439	-1.7804376e-13	1.7973834e-15	4.7458664e-17	-1.7619875e-13	-0.0011675147	0.001101889	-0.9997254	-7.837695e-08	7.3971364e-08	1
0	-0.00059360615	0.00056025235	0.00014013752	0	0	-0.18000017	-0.0005936062	0.00056025235	0.00014013752	-1.7804375e-13	1.7973732e-15	4.7461678e-17	-1.7619875e-13	-0.0011871328	0.0011204296	-0.9997197	-7.9690324e-08	7.521261e-08	1
0	-0.0006037465	0.00056983694	0.00014307363	0	0	-0.17499986	-0.0006037465	0.00056983694	0.00014307362	-1.7804375e-13	1.7973628e-15	4.7464752e-17	-1.7619876e-13	-0.0012074119	0.0011395973	-0.99971384	-8.1047965e-08	7.6495844e-08	1
0	-0.00061424274	0.0005797578	0.00014611735	0	0	-0.17000006	-0.0006142428	0.00057975773	0.00014611735	-1.7804375e-13	1.7973525e-15	4.7467905e-17	-1.7619876e-13	-0.0012284031	0.0011594377	-0.9997077	-8.245327e-08	7.7824104e-08	1
0	-0.0006251138	0.0005900329	0.00014927343	0	0	-0.1650002	-0.0006251138	0.0005900329	0.00014927343	-1.7804372e-13	1.7973412e-15	4.7471124e-17	-1.7619876e-13	-0.0012501436	0.0011799865	-0.99970144	-8.3908745e-08	7.919981e-08	1
0	-0.0006363695	0.0006006732	0.00015254894	0	0	-0.15999989	-0.00063636946	0.00060067326	0.00015254892	-1.7804374e-13	1.7973298e-15	4.747443e-17	-1.7619878e-13	-0.0012726536	0.0012012658	-0.9996949	-8.541572e-08	8.06244e-08	1
0	-0.00064804195	0.0006117076	0.0001559531	0	0	-0.15500008	-0.00064804195	0.0006117076	0.0001559531	-1.7804371e-13	1.797318e-15	4.7477815e-17	-1.7619875e-13	-0.0012959968	0.0012233331	-0.9996881	-8.69785e-08	8.210176e-08	1
0	-0.0006601491	0.0006231538	0.00015948695	0	0	-0.14999981	-0.00066014915	0.0006231538	0.00015948695	-1.7804371e-13	1.7973057e-15	4.748128e-17	-1.7619876e-13	-0.0013202096	0.0012462239	-0.999681	-8.8599485e-08	8.3634234e-08	1
0	-0.0006727191	0.00063503813	0.00016316483	0	0	-0.14500023	-0.0006727191	0.00063503813	0.00016316483	-1.7804368e-13	1.7972925e-15	4.7484832e-17	-1.7619875e-13	-0.001345348	0.001269991	-0.9996737	-9.028243e-08	8.522538e-08	1
0	-0.00068577804	0.0006473852	0.00016699203	0	0	-0.14000009	-0.000685778	0.0006473852	0.00016699203	-1.7804368e-13	1.7972792e-15	4.748848e-17	-1.7619876e-13	-0.001371464	0.0012946834	-0.99966604	-9.2030845e-08	8.6878494e-08	1
0	-0.00069934287	0.00066021306	0.00017097624	0	0	-0.13500017	-0.00069934287	0.00066021306	0.00017097624	-1.7804368e-13	1.7972652e-15	4.7492214e-17	-1.7619878e-13	-0.0013985918	0.0013203374	-0.999658	-9.384697e-08	8.8595975e-08	1
0	-0.0007134533	0.0006735568	0.00017512753	0	0	-0.13000007	-0.0007134533	0.0006735568	0.00017512753	-1.7804367e-13	1.7972508e-15	4.749605e-17	-1.7619878e-13	-0.0014268109	0.0013470232	-0.99964976	-9.5736155e-08	9.038251e-08	1
0	-0.0007281588	0.0006874651	0.00017946064	0	0	-0.125	-0.0007281588	0.0006874651	0.00017946064	-1.7804367e-13	1.7972354e-15	4.7499986e-17	-1.7619879e-13	-0.0014562198	0.001374838	-0.99964106	-9.7705026e-08	9.224465e-08	1
0	-0.00074347795	0.0007019539	0.00018398096	0	0	-0.11999989	-0.0007434779	0.0007019539	0.00018398096	-1.7804366e-13	1.7972197e-15	4.7504033e-17	-1.7619879e-13	-0.001486856	0.0014038136	-0.9996321	-9.975605e-08	9.4184486e-08	1
0	-0.0007594522	0.0007170645	0.00018870404	0	0	-0.11499984	-0.0007594522	0.0007170644	0.00018870404	-1.7804366e-13	1.797203e-15	4.7508185e-17	-1.761988e-13	-0.0015188026	0.0014340328	-0.9996226	-1.0189478e-07	9.620759e-08	1
0	-0.00077612605	0.0007328382	0.00019364353	0	0	-0.10999988	-0.00077612605	0.0007328382	0.00019364353	-1.7804364e-13	1.797186e-15	4.7512467e-17	-1.761988e-13	-0.0015521479	0.0014655781	-0.9996127	-1.0412717e-07	9.8319475e-08	1
0	-0.00079354807	0.0007493211	0.0001988103	0	0	-0.10499983	-0.00079354807	0.0007493211	0.00019881033	-1.7804364e-13	1.7971678e-15	4.7516858e-17	-1.7619882e-13	-0.0015869896	0.0014985417	-0.9996024	-1.06459744e-07	1.00526314e-07	1
0	-0.00081177056	0.0007665629	0.00020422842	0	0	-0.10000009	-0.00081177056	0.0007665629	0.00020422842	-1.7804362e-13	1.7971487e-15	4.7521384e-17	-1.7619882e-13	-0.0016234322	0.0015330228	-0.9995915	-1.0889948e-07	1.0283476e-07	1
0	-0.0008308468	0.0007846147	0.00020990615	0	0	-0.09500003	-0.0008308467	0.0007846147	0.00020990615	-1.7804362e-13	1.7971286e-15	4.7526033e-17	-1.7619885e-13	-0.001661582	0.0015691242	-0.9995802	-1.1145352e-07	1.0525166e-07	1
0	-0.0008508462	0.00080354273	0.00021586788	0	0	-0.090000086	-0.00085084623	0.00080354273	0.00021586788	-1.7804359e-13	1.7971079e-15	4.7530837e-17	-1.7619883e-13	-0.0017015783	0.0016069775	-0.9995682	-1.1413116e-07	1.0778585e-07	1
0	-0.00087181944	0.0008233944	0.00022213446	0	0	-0.08500003	-0.00087181944	0.00082339445	0.00022213446	-1.7804357e-13	1.7970856e-15	4.7535787e-17	-1.7619883e-13	-0.001743522	0.0016466784	-0.9995557	-1.1693919e-07	1.1044372e-07	1
0	-0.0008938563	0.0008442553	0.00022872622	0	0	-0.079999946	-0.0008938563	0.0008442553	0.00022872622	-1.7804355e-13	1.7970626e-15	4.7540882e-17	-1.7619883e-13	-0.0017875927	0.0016883974	-0.9995425	-1.1988962e-07	1.1323672e-07	1
0	-0.0009170343	0.0008661995	0.00023567022	0	0	-0.074999906	-0.0009170343	0.00086619944	0.00023567022	-1.7804353e-13	1.7970382e-15	4.754615e-17	-1.7619885e-13	-0.0018339455	0.0017322828	-0.9995287	-1.2299283e-07	1.1617474e-07	1
0	-0.0009414494	0.00088931795	0.0002429961	0	0	-0.070000045	-0.0009414495	0.00088931795	0.00024299612	-1.7804352e-13	1.7970126e-15	4.755159e-17	-1.7619886e-13	-0.0018827725	0.0017785166	-0.999514	-1.2626168e-07	1.1926997e-07	1
0	-0.0009671951	0.00091369986	0.00025073273	0	0	-0.065000035	-0.00096719514	0.0009136998	0.00025073273	-1.7804352e-13	1.7969855e-15	4.75572e-17	-1.7619887e-13	-0.0019342605	0.001827277	-0.99949855	-1.2970867e-07	1.225344e-07	1
0	-0.0009943891	0.00093945727	0.0002589179	0	0	-0.059999947	-0.0009943891	0.00093945727	0.0002589179	-1.7804348e-13	1.7969565e-15	4.756301e-17	-1.7619886e-13	-0.0019886447	0.0018787886	-0.99948215	-1.3334956e-07	1.2598296e-07	1
0	-0.0010231495	0.00096670346	0.00026758626	0	0	-0.05499994	-0.0010231495	0.0009667035	0.00026758626	-1.7804345e-13	1.796926e-15	4.756903e-17	-1.7619886e-13	-0.0020461618	0.0019332774	-0.99946487	-1.372002e-07	1.2963086e-07	1
0	-0.0010536121	0.0009955673	0.0002767831	0	0	-0.050000045	-0.0010536121	0.0009955673	0.0002767831	-1.7804343e-13	1.7968936e-15	4.7575253e-17	-1.7619887e-13	-0.0021070829	0.001991001	-0.9994464	-1.412787e-07	1.3349533e-07	1
0	-0.001085845	0.0010261135	0.00028654956	0	0	-0.045000043	-0.001085845	0.0010261134	0.00028654956	-1.7804343e-13	1.7968593e-15	4.7581715e-17	-1.7619889e-13	-0.0021715446	0.0020520894	-0.99942696	-1.4559421e-07	1.37585e-07	1
0	-0.0011203419	0.0010588127	0.00029696504	0	0	-0.039999973	-0.0011203418	0.0010588127	0.00029696504	-1.780434e-13	1.7968224e-15	4.7588412e-17	-1.7619891e-13	-0.0022405337	0.0021174834	-0.9994061	-1.5021291e-07	1.4196304e-07	1
0	-0.0011569737	0.0010935426	0.00030806515	0	0	-0.035000023	-0.0011569737	0.0010935424	0.00030806515	-1.7804334e-13	1.7967835e-15	4.7595364e-17	-1.761989e-13	-0.0023137925	0.0021869387	-0.9993839	-1.5511742e-07	1.466129e-07	1
0	-0.0011960634	0.0011306107	0.0003199294	0	0	-0.029999973	-0.0011960634	0.0011306107	0.0003199294	-1.780433e-13	1.7967415e-15	4.76026e-17	-1.761989e-13	-0.002391966	0.00226107	-0.99936014	-1.6035096e-07	1.5157582e-07	1
0	-0.0012379307	0.0011703214	0.00033263967	0	0	-0.025000023	-0.0012379307	0.0011703214	0.00033263964	-1.7804328e-13	1.7966969e-15	4.7610117e-17	-1.7619893e-13	-0.0024756957	0.002340486	-0.9993347	-1.6595645e-07	1.5689255e-07	1
0	-0.001282677	0.0012127724	0.00034627694	0	0	-0.019999987	-0.001282677	0.0012127724	0.00034627694	-1.7804322e-13	1.796649e-15	4.7617956e-17	-1.7619891e-13	-0.0025651825	0.0024253821	-0.99930745	-1.719473e-07	1.6257611e-07	1
0	-0.0013310177	0.0012586499	0.00036097047	0	0	-0.014999987	-0.0013310177	0.0012586499	0.00036097047	-1.7804318e-13	1.7965971e-15	4.7626128e-17	-1.7619894e-13	-0.002661857	0.002517131	-0.99927807	-1.7841951e-07	1.6871854e-07	1
0	-0.0013830188	0.0013080131	0.00037681637	0	0	-0.009999993	-0.0013830188	0.0013080131	0.00037681637	-1.7804317e-13	1.7965412e-15	4.7634665e-17	-1.7619894e-13	-0.002765852	0.0026158511	-0.9992464	-1.8538172e-07	1.7532761e-07	1
0	-0.0014392487	0.0013614068	0.0003939679	0	0	-0.0049999966	-0.0014392487	0.0013614069	0.00039396793	-1.7804309e-13	1.7964806e-15	4.7643585e-17	-1.7619895e-13	-0.0028783043	0.0027226312	-0.9992121	-1.9291011e-07	1.8247631e-07	1
0	-0.0015002384	0.0014193385	0.00041258783	0	0	9.887924e-17	-0.0015002383	0.0014193385	0.0004125878	-1.7804305e-13	1.796415e-15	4.765292e-17	-1.7619895e-13	-0.0030002757	0.002838487	-0.9991749	-2.010758e-07	1.9023256e-07	1
0	-0.001566623	0.0014824171	0.00043286808	0	0	0.0049999966	-0.001566623	0.0014824173	0.00043286808	-1.7804296e-13	1.7963434e-15	4.7662703e-17	-1.7619898e-13	-0.0031330364	0.0029646356	-0.9991342	-2.0996382e-07	1.9867795e-07	1
0	-0.0016391627	0.0015513704	0.00045504564	0	0	0.009999993	-0.0016391627	0.0015513704	0.00045504564	-1.780429e-13	1.796265e-15	4.767299e-17	-1.76199e-13	-0.0032781058	0.0031025328	-0.99908984	-2.1967584e-07	2.0790984e-07	1
0	-0.0017187297	0.0016270347	0.00047938735	0	0	0.014999987	-0.0017187299	0.0016270346	0.00047938735	-1.7804283e-13	1.7961789e-15	4.7683796e-17	-1.7619901e-13	-0.0034372294	0.0032538516	-0.9990412	-2.3032881e-07	2.180403e-07	1
0	-0.0018064524	0.0017104864	0.0005062306	0	0	0.019999987	-0.0018064524	0.0017104864	0.0005062306	-1.7804273e-13	1.796084e-15	4.7695194e-17	-1.7619902e-13	-0.0036126622	0.0034207436	-0.99898756	-2.4207364e-07	2.2921337e-07	1
0	-0.0019035677	0.0018029192	0.00053596747	0	0	0.025000023	-0.0019035677	0.0018029193	0.0005359675	-1.7804263e-13	1.7959786e-15	4.7707218e-17	-1.7619903e-13	-0.0038068802	0.0036055972	-0.99892807	-2.5507603e-07	2.4158885e-07	1
0	-0.0020117434	0.0019059416	0.0005690967	0	0	0.029999973	-0.0020117434	0.0019059416	0.0005690967	-1.7804252e-13	1.7958617e-15	4.7719944e-17	-1.7619905e-13	-0.0040232176	0.003811628	-0.99886185	-2.6955934e-07	2.553822e-07	1
0	-0.0021324	0.002020864	0.0006061838	0	0	0.035000023	-0.0021324	0.002020864	0.0006061838	-1.780424e-13	1.7957304e-15	4.773344e-17	-1.7619906e-13	-0.004264514	0.0040414575	-0.99878764	-2.857134e-07	2.707686e-07	1
0	-0.0022697756	0.0021518548	0.0006481353	0	0	0.039999973	-0.0022697756	0.0021518548	0.0006481353	-1.7804226e-13	1.795582e-15	4.7747787e-17	-1.761991e-13	-0.0045392467	0.004303421	-0.9987037	-3.0410627e-07	2.883066e-07	1
0	-0.0024250108	0.002299922	0.0006957581	0	0	0.045000043	-0.0024250108	0.002299922	0.00069575815	-1.7804207e-13	1.7954134e-15	4.776307e-17	-1.7619909e-13	-0.004849697	0.0045995363	-0.99860847	-3.248901e-07	3.0813078e-07	1
0	-0.0026040103	0.0024708258	0.0007504697	0	0	0.050000045	-0.0026040103	0.0024708258	0.0007504696	-1.780419e-13	1.7952194e-15	4.7779415e-17	-1.761991e-13	-0.005207672	0.0049413205	-0.9984991	-3.4885576e-07	3.310126e-07	1
0	-0.0028083182	0.0026658857	0.0008135837	0	0	0.05499994	-0.002808318	0.0026658857	0.0008135838	-1.7804164e-13	1.794996e-15	4.7796957e-17	-1.7619913e-13	-0.0056162598	0.0053314143	-0.9983728	-3.762093e-07	3.5712802e-07	1
0	-0.0030531446	0.002900018	0.0008880995	0	0	0.059999947	-0.0030531446	0.002900018	0.0008880995	-1.7804138e-13	1.7947315e-15	4.781583e-17	-1.7619917e-13	-0.0061058803	0.0057996474	-0.9982238	-4.0898863e-07	3.884756e-07	1
0	-0.0033425174	0.0031769206	0.0009765308	0	0	0.065000035	-0.0033425174	0.0031769206	0.0009765308	-1.7804104e-13	1.7944183e-15	4.7836222e-17	-1.761992e-13	-0.0066845873	0.006353415	-0.99804693	-4.4773176e-07	4.255492e-07	1
0	-0.0036922297	0.0035117986	0.001083468	0	0	0.070000045	-0.0036922295	0.003511798	0.0010834679	-1.7804066e-13	1.7940389e-15	4.7858354e-17	-1.7619924e-13	-0.007383965	0.0070231264	-0.99783313	-4.945535e-07	4.7038483e-07	1
0	-0.0041254945	0.003927048	0.0012156378	0	0	0.074999906	-0.0041254945	0.003927048	0.0012156378	-1.7804015e-13	1.79357e-15	4.7882468e-17	-1.7619927e-13	-0.008250437	0.007853569	-0.9975687	-5.525619e-07	5.2598125e-07	1
0	-0.00467636	0.004455438	0.0013833286	0	0	0.079999946	-0.0046763597	0.004455438	0.0013833286	-1.7803951e-13	1.792975e-15	4.7908872e-17	-1.761993e-13	-0.009352094	0.008910279	-0.9972333	-6.2631557e-07	5.9672584e-07	1
0	-0.005397781	0.005147839	0.0016030524	0	0	0.08500003	-0.005397781	0.005147839	0.0016030524	-1.7803861e-13	1.7921955e-15	4.7937866e-17	-1.7619935e-13	-0.010794839	0.010294989	-0.9967939	-7.229043e-07	6.894294e-07	1
0	-0.006393118	0.0061033615	0.0019053527	0	0	0.090000086	-0.006393118	0.0061033615	0.0019053526	-1.7803742e-13	1.7911234e-15	4.7969782e-17	-1.7619941e-13	-0.012785379	0.012205905	-0.9961893	-8.561671e-07	8.173615e-07	1
0	-0.007859718	0.007510066	0.002349962	0	0	0.09500003	-0.007859718	0.0075100665	0.002349962	-1.780356e-13	1.7895475e-15	4.8004616e-17	-1.7619948e-13	-0.015718382	0.015019126	-0.99530005	-1.0525264e-06	1.0057016e-06	1
0	-0.010280142	0.00982349	0.0030818125	0	0	0.10000009	-0.01028014	0.009823489	0.0030818125	-1.780326e-13	1.786958e-15	4.8041075e-17	-1.7619956e-13	-0.020558907	0.019645663	-0.99383634	-1.376592e-06	1.3154406e-06	1
0	-0.015235458	0.014491073	0.0045989896	0	0	0.10499983	-0.015235458	0.014491074	0.0045989896	-1.7802628e-13	1.7816146e-15	4.8070586e-17	-1.7619969e-13	-0.030468874	0.028980207	-0.99080193	-2.0400512e-06	1.9403744e-06	1
0	-0.021839688	0.020599253	0.007284823	0	0	0.10999988	-0.021839688	0.020599253	0.0072848224	-1.7801515e-13	1.7722722e-15	4.8092774e-17	-1.7619989e-13	-0.043676447	0.041195747	-0.98543036	-2.9241528e-06	2.7580695e-06	1
0	-0.022949722	0.021621704	0.007873256	0	0	0.11499984	-0.022949722	0.021621704	0.007873257	-1.7801273e-13	1.7702463e-15	4.8115846e-17	-1.7620013e-13	-0.045896366	0.043240514	-0.9842535	-3.0725055e-06	2.8947113e-06	1
0	-0.023406427	0.022045726	0.0081398655	0	0	0.11999989	-0.023406427	0.022045726	0.0081398655	-1.7801164e-13	1.7693305e-15	4.8128786e-17	-1.762004e-13	-0.04680972	0.044088498	-0.9837203	-3.1333725e-06	2.9512175e-06	1
0	-0.023929587	0.022533666	0.008462021	0	0	0.125	-0.023929588	0.022533666	0.008462021	-1.7801033e-13	1.7682254e-15	4.814546e-17	-1.7620069e-13	-0.04785597	0.04506432	-0.983076	-3.203123e-06	3.0162705e-06	1
0	-0.024617504	0.023176834	0.008902032	0	0	0.13000007	-0.024617504	0.023176834	0.008902032	-1.7800854e-13	1.7667188e-15	4.816758e-17	-1.7620103e-13	-0.04923171	0.046350565	-0.9821959	-3.2949138e-06	3.1020875e-06	1
0	-0.025406102	0.023915162	0.009424023	0	0	0.13500017	-0.025406102	0.023915162	0.009424023	-1.7800644e-13	1.7649362e-15	4.819246e-17	-1.7620139e-13	-0.050808806	0.04782713	-0.98115194	-3.4001619e-06	3.2006255e-06	1
0	-0.026315404	0.02476729	0.010046912	0	0	0.14000009	-0.0263154	0.02476729	0.010046911	-1.780039e-13	1.7628153e-15	4.8220428e-17	-1.7620183e-13	-0.05262728	0.049531266	-0.97990614	-3.5215448e-06	3.3143747e-06	1
0	-0.027569007	0.025942676	0.010939172	0	0	0.14500023	-0.027569007	0.025942676	0.010939172	-1.7800029e-13	1.7597906e-15	4.825708e-17	-1.7620233e-13	-0.055134326	0.051881887	-0.9781217	-3.6889762e-06	3.471358e-06	1
0	-0.029262904	0.027531113	0.012203187	0	0	0.14999981	-0.029262902	0.027531113	0.012203187	-1.7799518e-13	1.7555322e-15	4.8302874e-17	-1.76203e-13	-0.058521893	0.055058546	-0.9755937	-3.9152865e-06	3.6835775e-06	1
0	-0.03087634	0.029044343	0.013471627	0	0	0.15500008	-0.030876338	0.029044343	0.013471627	-1.7799011e-13	1.7512913e-15	4.8344223e-17	-1.7620378e-13	-0.06174855	0.0580848	-0.9730567	-4.130793e-06	3.885698e-06	1
0	0.0006504019	-0.00047725602	0.99880564	0	0	0.15999989	0.0006504019	-0.00047725602	0.9988056	-1.7804082e-13	1.7963125e-15	3.552373e-18	-1.7725895e-13	0.0013007168	-0.00095444825	0.99761117	8.702645e-08	-6.375361e-08	1
0	0.00063102186	-0.0005871786	0.9994076	0	0	0.1650002	0.00063102186	-0.00058717857	0.9994076	-1.7804231e-13	1.797593e-15	2.3759994e-18	-1.7729278e-13	0.0012619593	-0.0011742786	0.99881506	8.445251e-08	-7.852303e-08	1
0	0.00061335345	-0.0005932653	0.999736	0	0	0.17000006	0.00061335345	-0.0005932653	0.999736	-1.7804326e-13	1.7984134e-15	1.3339099e-18	-1.7732616e-13	0.0012266247	-0.0011864512	0.999472	8.2078344e-08	-7.939167e-08	1
0	0.00057551154	-0.0005431442	0.9998651	0	0	0.17499986	0.0005755116	-0.0005431442	0.9998651	-1.7804375e-13	1.7987875e-15	2.8289536e-19	-1.773593e-13	0.001150946	-0.0010862156	0.9997301	7.700356e-08	-7.2672876e-08	1
0	0.0005662866	-0.0005344405	0.99986774	0	0	0.18000017	0.0005662866	-0.0005344405	0.99986774	-1.7804375e-13	1.7987973e-15	2.7975876e-19	-1.7739114e-13	0.0011324974	-0.0010688095	0.9997355	7.5765854e-08	-7.1505085e-08	1
0	0.0005573689	-0.00052601204	0.9998703	0	0	0.18499996	0.00055736885	-0.00052601204	0.9998703	-1.7804375e-13	1.798806e-15	2.7669145e-19	-1.7742299e-13	0.0011146632	-0.0010519538	0.99974066	7.4569364e-08	-7.0374234e-08	1
0	0.00054869207	-0.0005178147	0.9998728	0	0	0.19000006	0.00054869207	-0.00051781465	0.9998728	-1.7804376e-13	1.7988149e-15	2.7369258e-19	-1.7745484e-13	0.0010973108	-0.00103556	0.9997456	7.3405175e-08	-6.9274385e-08	1
0	0.00054029963	-0.0005098847	0.9998752	0	0	0.19499981	0.00054029963	-0.0005098847	0.9998752	-1.7804376e-13	1.798823e-15	2.7075935e-19	-1.7748669e-13	0.001080527	-0.0010197011	0.99975044	7.227916e-08	-6.821041e-08	1
0	0.0005242596	-0.0004947303	0.99987984	0	0	0.20499994	0.00052425964	-0.0004947303	0.9998797	-1.7804376e-13	1.798839e-15	2.6508138e-19	-1.7755037e-13	0.0010484492	-0.0009893945	0.99975955	7.012706e-08	-6.617716e-08	1
0	0.00045648898	-0.00043071332	0.9998989	0	0	0.25499967	0.00045648898	-0.00043071332	0.9998989	-1.7804376e-13	1.798906e-15	2.3996143e-19	-1.7786883e-13	0.00091291696	-0.0008613691	0.9997978	6.103423e-08	-5.7587968e-08	1
0	0.0004042248	-0.00038135675	0.9999134	0	0	0.30500022	0.00040422482	-0.00038135675	0.9999134	-1.7804378e-13	1.7989563e-15	2.1919568e-19	-1.7818731e-13	0.0008083956	-0.0007626625	0.9998268	5.4021946e-08	-5.0965816e-08	1
0	0.0003626914	-0.00034214283	0.99992466	0	0	0.3549996	0.0003626914	-0.00034214283	0.9999248	-1.7804376e-13	1.7989957e-15	2.0170269e-19	-1.785058e-13	0.0007253344	-0.00068424	0.9998494	4.844945e-08	-4.5704525e-08	1
0	0.00032888967	-0.00031023426	0.9999337	0	0	0.40499973	0.00032888967	-0.00031023432	0.9999338	-1.7804376e-13	1.7990266e-15	1.867416e-19	-1.7882427e-13	0.0006577354	-0.0006204272	0.9998675	4.3914305e-08	-4.1423398e-08	1
0	0.00030085037	-0.00028376863	0.99994105	0	0	0.45500082	0.00030085034	-0.00028376863	0.99994105	-1.7804376e-13	1.7990525e-15	1.7378506e-19	-1.7914277e-13	0.0006016605	-0.00056749943	0.9998822	4.015232e-08	-3.7872564e-08	1
0	0.0002772148	-0.00026146194	0.9999472	0	0	0.5050003	0.0002772148	-0.00026146194	0.9999472	-1.7804376e-13	1.7990734e-15	1.6244648e-19	-1.7946126e-13	0.0005543926	-0.0005228891	0.9998943	3.69812e-08	-3.4879744e-08	1
0	0.00025701907	-0.0002424034	0.9999523	0	0	0.55500025	0.00025701907	-0.0002424034	0.9999523	-1.7804375e-13	1.7990914e-15	1.524347e-19	-1.7977975e-13	0.0005140039	-0.00048477447	0.99990463	3.4271608e-08	-3.2322728e-08	1
0	0.00023956316	-0.00022593161	0.9999566	0	0	0.60500026	0.00023956317	-0.00022593161	0.9999566	-1.7804375e-13	1.7991065e-15	1.4352616e-19	-1.8009825e-13	0.00047909442	-0.00045183313	0.9999133	3.1929623e-08	-3.0112783e-08	1
0	0.0002243272	-0.00021155544	0.9999604	0	0	0.6549993	0.0002243272	-0.00021155544	0.9999604	-1.7804374e-13	1.7991194e-15	1.3554565e-19	-1.8041673e-13	0.00044862455	-0.00042308267	0.9999207	2.9885488e-08	-2.8184004e-08	1
0	0.00021091147	-0.00019889747	0.9999636	0	0	0.70500124	0.00021091146	-0.00019889747	0.9999636	-1.7804371e-13	1.7991304e-15	1.2835404e-19	-1.807352e-13	0.00042179486	-0.0003977684	0.9999271	2.8085582e-08	-2.6485763e-08	1
0	0.0001990091	-0.00018766786	0.99996644	0	0	0.7549992	0.0001990091	-0.00018766786	0.99996644	-1.7804371e-13	1.7991403e-15	1.2183906e-19	-1.8105371e-13	0.00039799168	-0.00037531077	0.9999329	2.648872e-08	-2.4979169e-08	1
0	0.00018837869	-0.00017763869	0.99996895	0	0	0.80500025	0.0001883787	-0.00017763869	0.9999689	-1.7804368e-13	1.799149e-15	1.1590914e-19	-1.8137218e-13	0.00037673232	-0.00035525375	0.9999378	2.506252e-08	-2.3633637e-08	1
0	0.00017882588	-0.00016862649	0.99997115	0	0	0.85500133	0.00017882588	-0.00016862649	0.99997115	-1.7804367e-13	1.7991562e-15	1.1048871e-19	-1.8169067e-13	0.00035762799	-0.00033723057	0.9999422	2.3780906e-08	-2.2424558e-08	1
0	0.00017020258	-0.0001604912	0.99997306	0	0	0.9049992	0.00017020258	-0.0001604912	0.99997306	-1.7804367e-13	1.7991628e-15	1.0551505e-19	-1.8200918e-13	0.0003403825	-0.00032096106	0.9999461	2.2624011e-08	-2.1333134e-08	1
0	0.0001623588	-0.00015309204	0.99997485	0	0	0.95500135	0.0001623588	-0.00015309203	0.99997485	-1.7804366e-13	1.7991691e-15	1.00934847e-19	-1.8232768e-13	0.00032469604	-0.00030616368	0.99994963	2.1571694e-08	-2.034047e-08	1
