# t (s)	mx ()	my ()	mz ()	B_extx (T)	B_exty (T)	B_extz (T)	mx ()	my ()	mz ()	E_anis (J)	E_demag (J)	E_exch (J)	E_total (J)	m_zrange1_x ()	m_zrange1_y ()	m_zrange1_z ()	m_zrange0_x ()	m_zrange0_y ()	m_zrange0_z ()
0	0	0	1	0	0	1	0	0	1	-1.7804318e-13	1.7992557e-15	-0	-1.8261403e-13	0	0	1	0	0	1
0	0.00016306662	-0.00015376818	0.9999747	0	0	0.94999886	0.00016306662	-0.00015376818	0.99997467	-1.7804366e-13	1.7991687e-15	1.01376464e-19	-1.8229582e-13	0.00032611162	-0.0003075159	0.9999493	2.1666708e-08	-2.0431221e-08	1
0	0.0001709728	-0.00016122684	0.9999728	0	0	0.900001	0.0001709728	-0.00016122687	0.9999729	-1.7804367e-13	1.7991624e-15	1.0599374e-19	-1.8197733e-13	0.00034192292	-0.00032243226	0.9999458	2.2727395e-08	-2.1431873e-08	1
0	0.00017968348	-0.00016944467	0.9999709	0	0	0.849999	0.00017968348	-0.00016944467	0.9999709	-1.7804367e-13	1.7991558e-15	1.1100967e-19	-1.8165882e-13	0.00035934307	-0.0003388668	0.9999418	2.3896023e-08	-2.253437e-08	1
0	0.00018932916	-0.00017854474	0.99996865	0	0	0.8000007	0.00018932916	-0.00017854474	0.99996865	-1.7804368e-13	1.7991475e-15	1.1647796e-19	-1.8134034e-13	0.00037863312	-0.0003570657	0.99993736	2.5190104e-08	-2.3755247e-08	1
0	0.00020006942	-0.00018867756	0.9999662	0	0	0.75	0.00020006942	-0.00018867757	0.9999662	-1.7804371e-13	1.7991393e-15	1.2246277e-19	-1.8102185e-13	0.0004001122	-0.00037733	0.99993235	2.6631046e-08	-2.5114687e-08	1
0	0.00021209977	-0.00020002769	0.99996334	0	0	0.69999945	0.00021209978	-0.00020002769	0.99996334	-1.7804371e-13	1.7991295e-15	1.2904091e-19	-1.8070335e-13	0.00042417127	-0.00040002877	0.9999266	2.8245077e-08	-2.6637462e-08	1
0	0.00022566879	-0.00021282965	0.99996006	0	0	0.6500008	0.00022566879	-0.00021282965	0.99996006	-1.7804374e-13	1.7991179e-15	1.3630595e-19	-1.8038488e-13	0.00045130748	-0.00042563095	0.99992	3.0065557e-08	-2.8355029e-08	1
0	0.00024109324	-0.00022738226	0.99995625	0	0	0.59999925	0.00024109324	-0.00022738228	0.99995625	-1.7804375e-13	1.7991052e-15	1.4437234e-19	-1.800664e-13	0.0004821543	-0.00045473425	0.99991244	3.213499e-08	-3.0307483e-08	1
0	0.00025877854	-0.00024406805	0.99995184	0	0	0.5499998	0.00025877854	-0.00024406805	0.99995184	-1.7804375e-13	1.7990897e-15	1.5338263e-19	-1.7974789e-13	0.0005175226	-0.00048810357	0.9999037	3.4507764e-08	-3.254615e-08	1
0	0.00027926237	-0.00026339415	0.9999466	0	0	0.5	0.00027926237	-0.00026339415	0.9999467	-1.7804376e-13	1.799072e-15	1.6351593e-19	-1.794294e-13	0.0005584875	-0.00052675314	0.99989325	3.7256026e-08	-3.5139074e-08	1
0	0.0003032641	-0.0002860389	0.9999404	0	0	0.4500005	0.0003032641	-0.00028603894	0.9999404	-1.7804376e-13	1.7990501e-15	1.7500165e-19	-1.7911092e-13	0.00060648774	-0.0005720397	0.9998808	4.047628e-08	-3.817727e-08	1
0	0.00033177427	-0.00031293684	0.99993294	0	0	0.40000036	0.00033177427	-0.00031293684	0.99993294	-1.7804376e-13	1.7990243e-15	1.8813904e-19	-1.7879242e-13	0.0006635043	-0.0006258319	0.9998659	4.4301448e-08	-4.178613e-08	1
0	0.00036620433	-0.00034541782	0.9999237	0	0	0.34999973	0.00036620433	-0.00034541782	0.9999237	-1.7804376e-13	1.7989923e-15	2.0332644e-19	-1.7847393e-13	0.0007323597	-0.00069078954	0.9998474	4.8920906e-08	-4.6144077e-08	1
0	0.00040859403	-0.00038540442	0.99991214	0	0	0.29999962	0.00040859397	-0.00038540442	0.99991214	-1.7804378e-13	1.7989519e-15	2.2110817e-19	-1.7815546e-13	0.0008171334	-0.0007707573	0.9998242	5.4608318e-08	-5.1509076e-08	1
0	0.0004620772	-0.00043585047	0.99989724	0	0	0.25	0.0004620772	-0.00043585044	0.99989724	-1.7804376e-13	1.7989e-15	2.4225287e-19	-1.7783698e-13	0.00092409266	-0.00087164267	0.9997945	6.178418e-08	-5.827745e-08	1
0	0.0005397826	-0.000509127	0.99987525	0	0	0.19499981	0.0005397826	-0.000509127	0.99987525	-1.7804376e-13	1.798823e-15	2.7075493e-19	-1.7748669e-13	0.001079493	-0.0010181858	0.99975044	7.220998e-08	-6.8109046e-08	1
0	0.0005481697	-0.000517035	0.9998728	0	0	0.19000006	0.00054816966	-0.000517035	0.9998728	-1.7804376e-13	1.7988149e-15	2.7368783e-19	-1.7745484e-13	0.001096266	-0.001034001	0.9997456	7.3335286e-08	-6.917009e-08	1
0	0.00055681216	-0.00052518334	0.99987036	0	0	0.18499996	0.00055681216	-0.00052518334	0.99987036	-1.7804376e-13	1.7988062e-15	2.7668662e-19	-1.7742299e-13	0.0011135498	-0.0010502965	0.9997406	7.449486e-08	-7.026336e-08	1
0	0.00056573324	-0.00053359364	0.9998678	0	0	0.18000017	0.00056573324	-0.00053359364	0.9998678	-1.7804375e-13	1.7987973e-15	2.7975352e-19	-1.7739114e-13	0.0011313906	-0.0010671159	0.9997356	7.5691794e-08	-7.139178e-08	1
0	0.0005749446	-0.00054227776	0.9998651	0	0	0.17499986	0.00057494466	-0.00054227776	0.9998652	-1.7804376e-13	1.7987878e-15	2.8289112e-19	-1.773593e-13	0.0011498124	-0.001084483	0.9997301	7.692771e-08	-7.2556944e-08	1
0	0.00058445986	-0.0005512479	0.9998623	0	0	0.17000006	0.0005844599	-0.0005512479	0.9998623	-1.7804375e-13	1.798778e-15	2.8610213e-19	-1.7732746e-13	0.0011688416	-0.0011024221	0.9997247	7.820439e-08	-7.3760496e-08	1
0	0.0005942807	-0.0005605061	0.9998595	0	0	0.1650002	0.0005942807	-0.0005605061	0.9998595	-1.7804375e-13	1.7987683e-15	2.8938916e-19	-1.7729561e-13	0.0011884817	-0.0011209372	0.999719	7.952205e-08	-7.500267e-08	1
0	0.00060446834	-0.0005701087	0.9998566	0	0	0.15999989	0.00060446834	-0.00057010865	0.9998566	-1.7804375e-13	1.7987577e-15	2.927558e-19	-1.7726376e-13	0.0012088557	-0.0011401412	0.9997132	8.088894e-08	-7.629107e-08	1
0	0.0006149908	-0.0005800273	0.9998535	0	0	0.15500008	0.0006149908	-0.00058002735	0.99985355	-1.7804375e-13	1.798747e-15	2.9620412e-19	-1.7723193e-13	0.0012298992	-0.0011599769	0.99970704	8.230076e-08	-7.762187e-08	1
0	0.00062588847	-0.0005902988	0.99985033	0	0	0.14999981	0.00062588847	-0.00059029885	0.9998504	-1.7804374e-13	1.7987359e-15	2.9973802e-19	-1.7720005e-13	0.0012516932	-0.0011805187	0.99970067	8.376291e-08	-7.900001e-08	1
0	0.0006371805	-0.0006009416	0.99984705	0	0	0.14500023	0.0006371805	-0.0006009416	0.99984705	-1.7804374e-13	1.7987244e-15	3.0336105e-19	-1.7716823e-13	0.0012742758	-0.0012018029	0.9996941	8.527799e-08	-8.042799e-08	1
0	0.00064888614	-0.00061197346	0.9998437	0	0	0.14000009	0.0006488861	-0.00061197346	0.99984366	-1.7804372e-13	1.7987124e-15	3.0707648e-19	-1.771364e-13	0.0012976853	-0.001223865	0.9996872	8.6848544e-08	-8.1908155e-08	1
0	0.00066103024	-0.00062341837	0.9998401	0	0	0.13500017	0.00066103024	-0.00062341837	0.9998401	-1.7804371e-13	1.7986999e-15	3.1088857e-19	-1.7710452e-13	0.001321972	-0.0012467534	0.99968016	8.847795e-08	-8.344374e-08	1
0	0.00067364104	-0.00063530175	0.99983644	0	0	0.13000007	0.00067364104	-0.0006353017	0.99983644	-1.7804368e-13	1.798687e-15	3.1480137e-19	-1.7707266e-13	0.001347192	-0.0012705185	0.9996728	9.016996e-08	-8.503816e-08	1
0	0.00068673945	-0.00064764405	0.9998325	0	0	0.125	0.00068673945	-0.00064764405	0.9998325	-1.7804368e-13	1.7986738e-15	3.1881909e-19	-1.7704081e-13	0.0013733871	-0.0012952015	0.99966514	9.192739e-08	-8.6694165e-08	1
0	0.0007003547	-0.0006604727	0.99982846	0	0	0.11999989	0.0007003547	-0.0006604727	0.99982846	-1.7804368e-13	1.7986599e-15	3.2294638e-19	-1.7700897e-13	0.0014006156	-0.0013208572	0.99965703	9.375417e-08	-8.8415405e-08	1
0	0.00071451685	-0.0006738162	0.99982435	0	0	0.11499984	0.0007145169	-0.0006738162	0.99982435	-1.7804367e-13	1.798645e-15	3.271883e-19	-1.7697713e-13	0.0014289382	-0.0013475422	0.9996487	9.565434e-08	-9.020573e-08	1
0	0.0007292681	-0.00068771356	0.99982	0	0	0.10999988	0.0007292681	-0.0006877135	0.99982	-1.7804366e-13	1.7986298e-15	3.3155012e-19	-1.7694528e-13	0.0014584386	-0.0013753352	0.99964	9.7633546e-08	-9.2070366e-08	1
0	0.00074464065	-0.00070219394	0.99981546	0	0	0.10499983	0.0007446407	-0.00070219394	0.99981546	-1.7804366e-13	1.7986137e-15	3.3603713e-19	-1.7691344e-13	0.0014891818	-0.0014042938	0.9996309	9.9696095e-08	-9.401323e-08	1
0	0.00076067843	-0.00071730156	0.9998107	0	0	0.10000009	0.00076067843	-0.0007173016	0.9998107	-1.7804366e-13	1.7985972e-15	3.406561e-19	-1.7688161e-13	0.0015212549	-0.0014345071	0.9996214	1.0184792e-07	-9.604025e-08	1
0	0.00077739	-0.00073304365	0.99980575	0	0	0.09500003	0.00077739	-0.00073304365	0.99980575	-1.7804364e-13	1.7985796e-15	3.4541284e-19	-1.7684975e-13	0.0015546759	-0.001465989	0.9996115	1.04090134e-07	-9.815241e-08	1
0	0.00079490995	-0.0007495422	0.9998005	0	0	0.090000086	0.00079490995	-0.00074954226	0.9998005	-1.7804364e-13	1.7985614e-15	3.5031414e-19	-1.7681792e-13	0.0015897134	-0.0014989839	0.9996011	1.0644082e-07	-1.0036607e-07	1
0	0.0008132097	-0.0007667752	0.9997951	0	0	0.08500003	0.0008132097	-0.0007667752	0.9997951	-1.7804362e-13	1.7985421e-15	3.5536754e-19	-1.7678608e-13	0.0016263106	-0.0015334479	0.99959016	1.0889613e-07	-1.0267828e-07	1
0	0.00083235826	-0.0007848067	0.9997894	0	0	0.079999946	0.00083235826	-0.0007848067	0.9997894	-1.7804362e-13	1.7985222e-15	3.6058113e-19	-1.7675424e-13	0.0016646052	-0.0015695082	0.9995787	1.1146533e-07	-1.05097584e-07	1
0	0.00085245044	-0.00080372335	0.99978334	0	0	0.074999906	0.0008524504	-0.00080372335	0.99978334	-1.7804359e-13	1.7985008e-15	3.65963e-19	-1.7672238e-13	0.0017047867	-0.001607339	0.99956685	1.1416113e-07	-1.076357e-07	1
0	0.0008735165	-0.00082355604	0.9997771	0	0	0.070000045	0.0008735165	-0.000823556	0.9997771	-1.7804356e-13	1.798479e-15	3.7152274e-19	-1.7669052e-13	0.001746916	-0.0016470017	0.99955416	1.169876e-07	-1.10296696e-07	1
0	0.0008956617	-0.0008444018	0.9997704	0	0	0.065000035	0.00089566177	-0.0008444018	0.9997704	-1.7804355e-13	1.7984555e-15	3.7726966e-19	-1.7665868e-13	0.0017912035	-0.0016886904	0.9995408	1.1995888e-07	-1.1309361e-07	1
0	0.0009189587	-0.0008663288	0.9997635	0	0	0.059999947	0.0009189587	-0.0008663288	0.9997635	-1.7804353e-13	1.7984312e-15	3.832146e-19	-1.7662683e-13	0.0018377942	-0.0017325415	0.99952686	1.2308467e-07	-1.1603564e-07	1
0	0.00094349636	-0.00088942074	0.9997561	0	0	0.05499994	0.00094349636	-0.00088942074	0.9997561	-1.7804353e-13	1.7984051e-15	3.8936979e-19	-1.76595e-13	0.0018868663	-0.0017787223	0.99951214	1.2637693e-07	-1.19133944e-07	1
0	0.0009693578	-0.00091375515	0.9997483	0	0	0.050000045	0.0009693578	-0.00091375504	0.9997483	-1.780435e-13	1.7983778e-15	3.9574675e-19	-1.7656316e-13	0.0019385858	-0.0018273878	0.9994966	1.2984682e-07	-1.2239894e-07	1
0	0.0009967427	-0.00093951833	0.99974	0	0	0.045000043	0.0009967427	-0.00093951833	0.99974	-1.7804348e-13	1.7983488e-15	4.0236006e-19	-1.7653132e-13	0.001993352	-0.0018789107	0.9994801	1.3352113e-07	-1.2585568e-07	1
0	0.0010256809	-0.0009667399	0.9997313	0	0	0.039999973	0.0010256809	-0.0009667398	0.9997313	-1.7804345e-13	1.7983179e-15	4.0922393e-19	-1.7649945e-13	0.0020512245	-0.0019333501	0.9994626	1.3740382e-07	-1.2950807e-07	1
0	0.0010563452	-0.0009955799	0.999722	0	0	0.035000023	0.0010563452	-0.00099558	0.9997221	-1.7804343e-13	1.7982853e-15	4.1635461e-19	-1.7646762e-13	0.0021125488	-0.0019910266	0.9994441	1.415181e-07	-1.3337763e-07	1
0	0.0010889062	-0.001026199	0.9997122	0	0	0.029999973	0.0010889062	-0.001026199	0.9997122	-1.7804341e-13	1.7982507e-15	4.237702e-19	-1.7643578e-13	0.0021776664	-0.0020522606	0.99942446	1.4588689e-07	-1.3748587e-07	1
0	0.0011235395	-0.0010587606	0.99970174	0	0	0.025000023	0.0011235395	-0.0010587606	0.99970174	-1.780434e-13	1.7982137e-15	4.314902e-19	-1.7640395e-13	0.0022469284	-0.0021173796	0.9994035	1.505337e-07	-1.4185476e-07	1
0	0.0011604195	-0.0010934279	0.99969053	0	0	0.019999987	0.0011604194	-0.0010934279	0.9996905	-1.7804334e-13	1.798174e-15	4.395356e-19	-1.7637209e-13	0.0023206836	-0.0021867095	0.99938107	1.5548198e-07	-1.465062e-07	1
0	0.0011997189	-0.0011303616	0.9996785	0	0	0.014999987	0.0011997189	-0.0011303616	0.99967843	-1.780433e-13	1.798132e-15	4.4793035e-19	-1.7634025e-13	0.0023992772	-0.0022605716	0.99935704	1.6075485e-07	-1.5146166e-07	1
0	0.001241941	-0.0011700336	0.99966574	0	0	0.009999993	0.001241941	-0.0011700336	0.99966574	-1.7804328e-13	1.798087e-15	4.56702e-19	-1.763084e-13	0.0024837155	-0.0023399103	0.9993315	1.664199e-07	-1.5678458e-07	1
0	0.0012872308	-0.0012125772	0.9996519	0	0	0.0049999966	0.0012872308	-0.0012125772	0.9996519	-1.7804322e-13	1.7980381e-15	4.658788e-19	-1.7627656e-13	0.002574289	-0.0024249922	0.99930394	1.7249653e-07	-1.6249281e-07	1
0	0.0013359054	-0.0012582887	0.9996371	0	0	-9.887924e-17	0.0013359054	-0.0012582887	0.9996371	-1.7804318e-13	1.7979858e-15	4.754934e-19	-1.7624472e-13	0.002671632	-0.002516409	0.99927425	1.7902732e-07	-1.6862606e-07	1
0	0.0013884185	-0.0013075909	0.99962115	0	0	-0.0049999966	0.0013884185	-0.0013075909	0.99962115	-1.7804314e-13	1.7979293e-15	4.85583e-19	-1.7621289e-13	0.0027766507	-0.0026150064	0.9992422	1.8607307e-07	-1.7524107e-07	1
0	0.0014452118	-0.0013608958	0.99960375	0	0	-0.009999993	0.0014452119	-0.0013608958	0.99960375	-1.7804309e-13	1.797868e-15	4.961881e-19	-1.7618104e-13	0.00289023	-0.0027216095	0.9992076	1.9369318e-07	-1.8239318e-07	1
0	0.0015068424	-0.0014187214	0.999585	0	0	-0.014999987	0.0015068424	-0.0014187215	0.999585	-1.7804303e-13	1.7978014e-15	5.073565e-19	-1.761492e-13	0.003013483	-0.0028372526	0.9991699	2.019623e-07	-1.9015182e-07	1
0	0.001573992	-0.0014817005	0.99956447	0	0	-0.019999987	0.001573992	-0.0014817005	0.99956447	-1.7804295e-13	1.7977292e-15	5.191414e-19	-1.7611737e-13	0.003147773	-0.0029632028	0.9991289	2.109719e-07	-1.986019e-07	1
0	0.001647206	-0.0015503409	0.99954206	0	0	-0.025000023	0.001647206	-0.0015503408	0.99954206	-1.7804287e-13	1.7976498e-15	5.316011e-19	-1.7608552e-13	0.0032941909	-0.0031004741	0.99908406	2.2079517e-07	-2.0781158e-07	1
0	0.0017280062	-0.0016260649	0.99951744	0	0	-0.029999973	0.0017280062	-0.0016260648	0.99951744	-1.7804282e-13	1.7975627e-15	5.448103e-19	-1.760537e-13	0.0034557807	-0.0032519111	0.9990347	2.3163632e-07	-2.1797172e-07	1
0	0.0018168048	-0.0017092491	0.99949026	0	0	-0.035000023	0.0018168046	-0.0017092491	0.99949026	-1.7804273e-13	1.7974666e-15	5.588446e-19	-1.7602186e-13	0.0036333657	-0.003418269	0.9989804	2.4355063e-07	-2.2913281e-07	1
0	0.00191527	-0.0018014238	0.99946	0	0	-0.039999973	0.0019152699	-0.0018014238	0.99946	-1.7804261e-13	1.7973599e-15	5.7380304e-19	-1.7599001e-13	0.0038302832	-0.0036026062	0.9989201	2.5676192e-07	-2.4150017e-07	1
0	0.0020250028	-0.0019041055	0.9994264	0	0	-0.045000043	0.0020250028	-0.0019041054	0.9994264	-1.780425e-13	1.7972409e-15	5.897917e-19	-1.7595818e-13	0.004049734	-0.003807956	0.9988529	2.71485e-07	-2.5527726e-07	1
0	0.002148647	-0.0020197276	0.9993887	0	0	-0.050000045	0.0021486469	-0.0020197278	0.9993887	-1.780424e-13	1.797107e-15	6.0695163e-19	-1.7592637e-13	0.004297006	-0.0040391847	0.9987774	2.880746e-07	-2.7079065e-07	1
0	0.002288453	-0.0021503803	0.9993461	0	0	-0.05499994	0.0022884533	-0.0021503805	0.999346	-1.780422e-13	1.796956e-15	6.254349e-19	-1.7589451e-13	0.0045766	-0.0043004723	0.99869215	3.068327e-07	-2.8832073e-07	1
0	0.002447156	-0.0022985558	0.99929756	0	0	-0.059999947	0.002447156	-0.0022985558	0.9992976	-1.7804206e-13	1.7967843e-15	6.4543264e-19	-1.7586269e-13	0.0048939846	-0.0045968033	0.9985951	3.281262e-07	-3.082019e-07	1
0	0.0026288843	-0.0024680463	0.9992418	0	0	-0.065000035	0.0026288845	-0.0024680463	0.99924195	-1.7804184e-13	1.7965867e-15	6.671815e-19	-1.7583085e-13	0.005257416	-0.004935762	0.9984838	3.52509e-07	-3.3094287e-07	1
0	0.0028424894	-0.002667098	0.9991771	0	0	-0.070000045	0.0028424894	-0.002667098	0.9991771	-1.7804161e-13	1.7963568e-15	6.909967e-19	-1.7579902e-13	0.0056845974	-0.005333839	0.99835414	3.8116883e-07	-3.5765024e-07	1
0	0.0030919216	-0.0028991834	0.99910104	0	0	-0.074999906	0.0030919216	-0.0028991834	0.99910104	-1.7804135e-13	1.7960872e-15	7.1723725e-19	-1.7576722e-13	0.006183428	-0.005797978	0.9982021	4.1463556e-07	-3.8878974e-07	1
0	0.0033905283	-0.0031766407	0.9990103	0	0	-0.079999946	0.0033905283	-0.0031766412	0.9990104	-1.7804099e-13	1.7957653e-15	7.4640586e-19	-1.7573539e-13	0.006780602	-0.006352856	0.9980207	4.5470014e-07	-4.2601698e-07	1
0	0.0037533287	-0.0035129993	0.9989003	0	0	-0.08500003	0.0037533287	-0.0035129993	0.99890035	-1.7804058e-13	1.7953746e-15	7.791756e-19	-1.7570358e-13	0.0075061535	-0.0070255282	0.9978006	5.033776e-07	-4.7114693e-07	1
0	0.004206894	-0.0039325063	0.99876356	0	0	-0.090000086	0.004206894	-0.0039325063	0.9987637	-1.7804005e-13	1.7948895e-15	8.1647074e-19	-1.7567175e-13	0.008413224	-0.007864486	0.99752724	5.642331e-07	-5.274332e-07	1
0	0.0047834767	-0.004463969	0.9985898	0	0	-0.09500003	0.004783477	-0.004463969	0.9985898	-1.7803937e-13	1.7942722e-15	8.596274e-19	-1.7563994e-13	0.009566312	-0.00892734	0.9971795	6.415939e-07	-5.987406e-07	1
0	0.005551074	-0.005168302	0.9983599	0	0	-0.10000009	0.005551074	-0.005168302	0.99836	-1.7803847e-13	1.7934559e-15	9.107002e-19	-1.7560813e-13	0.011101403	-0.01033591	0.99671984	7.4458313e-07	-6.932422e-07	1
0	0.0066256113	-0.006147607	0.9980405	0	0	-0.10499983	0.006625611	-0.006147607	0.9980405	-1.7803718e-13	1.7923224e-15	9.731382e-19	-1.7557634e-13	0.013250333	-0.012294389	0.9960811	8.8875424e-07	-8.246371e-07	1
0	0.008259503	-0.007620872	0.9975614	0	0	-0.10999988	0.008259504	-0.007620871	0.9975614	-1.7803524e-13	1.790623e-15	1.0533987e-18	-1.7554456e-13	0.0165179	-0.015240721	0.9951228	1.1079736e-06	-1.0223065e-06	1
0	0.011033147	-0.010078347	0.99675024	0	0	-0.11499984	0.011033147	-0.010078347	0.9967501	-1.780319e-13	1.7877518e-15	1.1658076e-18	-1.755128e-13	0.022064814	-0.02015534	0.99350023	1.4801105e-06	-1.3520258e-06	1
0	0.017915744	-0.015882535	0.9947746	0	0	-0.11999989	0.017915744	-0.015882535	0.99477446	-1.7802368e-13	1.7808067e-15	1.3702621e-18	-1.7548108e-13	0.035829086	-0.03176294	0.98954904	2.4035264e-06	-2.1307621e-06	1
0	0.021788847	-0.019180756	0.99303365	0	0	-0.125	0.021788847	-0.019180754	0.99303365	-1.7801647e-13	1.7747552e-15	1.5662787e-18	-1.7544943e-13	0.043574773	-0.038358934	0.98606724	2.9231517e-06	-2.5732668e-06	1
0	0.022582535	-0.01985756	0.9926208	0	0	-0.13000007	0.022582537	-0.01985756	0.9926208	-1.7801478e-13	1.7733302e-15	1.6224451e-18	-1.7541781e-13	0.04516205	-0.039712448	0.98524165	3.029638e-06	-2.6640723e-06	1
0	0.023112081	-0.020312974	0.9923232	0	0	-0.13500017	0.023112081	-0.020312974	0.9923232	-1.7801358e-13	1.7723045e-15	1.6649634e-18	-1.7538625e-13	0.046221063	-0.04062322	0.98464644	3.100687e-06	-2.7251763e-06	1
0	0.023656018	-0.020782944	0.9920028	0	0	-0.14000009	0.023656018	-0.020782944	0.9920028	-1.7801225e-13	1.7712017e-15	1.7115215e-18	-1.7535466e-13	0.047308862	-0.0415631	0.9840056	3.1736672e-06	-2.788233e-06	1
0	0.02445238	-0.021472523	0.9915163	0	0	-0.14500023	0.02445238	-0.021472523	0.9915163	-1.780103e-13	1.769531e-15	1.781023e-18	-1.7532316e-13	0.048901483	-0.042942163	0.9830326	3.2805135e-06	-2.8807535e-06	1
0	0.02527573	-0.02218619	0.9909956	0	0	-0.14999981	0.02527573	-0.022186188	0.9909956	-1.7800816e-13	1.767748e-15	1.853831e-18	-1.7529167e-13	0.05054807	-0.0443694	0.9819913	3.3909803e-06	-2.976506e-06	1
0	0.026228167	-0.023012213	0.990372	0	0	-0.15500008	0.026228167	-0.023012213	0.99037194	-1.7800564e-13	1.7656189e-15	1.9392745e-18	-1.7526022e-13	0.05245281	-0.04602134	0.98074394	3.5187666e-06	-3.0873332e-06	1
0	0.027446285	-0.024068683	0.9895433	0	0	-0.15999989	0.027446285	-0.024068683	0.9895433	-1.7800227e-13	1.7628016e-15	2.049696e-18	-1.7522886e-13	0.054888885	-0.04813414	0.97908664	3.6821973e-06	-3.229079e-06	1
0	0.029425953	-0.025784118	0.98812777	0	0	-0.1650002	0.02942595	-0.02578412	0.9881277	-1.7799657e-13	1.7580209e-15	2.2297137e-18	-1.7519773e-13	0.058847956	-0.05156478	0.9762554	3.9477973e-06	-3.4592329e-06	1
0	0.03158096	-0.02764899	0.98648846	0	0	-0.17000006	0.03158096	-0.02764899	0.98648846	-1.7799e-13	1.7525369e-15	2.428462e-18	-1.7516675e-13	0.063157685	-0.055294268	0.9729769	4.236922e-06	-3.7094367e-06	1
0	0.035175875	-0.030754067	0.98351896	0	0	-0.17499986	0.03517587	-0.030754067	0.9835189	-1.7797824e-13	1.7427524e-15	2.768144e-18	-1.7513633e-13	0.070347026	-0.061504006	0.96703774	4.719225e-06	-4.126029e-06	1
0	-0.0005930425	0.0005593324	0.00014013138	0	0	-0.18000017	-0.0005930425	0.0005593324	0.0001401314	-1.7804375e-13	1.7973732e-15	4.7461665e-17	-1.7619875e-13	-0.0011860054	0.0011185897	-0.9997196	-7.9614644e-08	7.508909e-08	1
0	-0.0005832946	0.00055015413	0.00013730132	0	0	-0.18499996	-0.0005832946	0.00055015413	0.00013730132	-1.7804376e-13	1.7973832e-15	4.7458664e-17	-1.7619875e-13	-0.0011665109	0.0011002343	-0.99972534	-7.8309554e-08	7.386028e-08	1
0	-0.0005738209	0.000541223	0.00013456614	0	0	-0.19000006	-0.0005738209	0.000541223	0.00013456614	-1.7804375e-13	1.7973925e-15	4.745572e-17	-1.7619874e-13	-0.0011475648	0.0010823733	-0.99973094	-7.704117e-08	7.2664534e-08	1
0	-0.0005646463	0.0005325735	0.00013191994	0	0	-0.19499981	-0.0005646463	0.0005325735	0.00013191994	-1.7804375e-13	1.7974018e-15	4.7452844e-17	-1.7619874e-13	-0.0011292169	0.0010650754	-0.9997362	-7.581282e-08	7.1506484e-08	1
0	-0.00054714637	0.0005160744	0.00012689168	0	0	-0.20499994	-0.00054714637	0.0005160744	0.0001268917	-1.7804376e-13	1.7974194e-15	4.7447265e-17	-1.7619874e-13	-0.0010942193	0.0010320796	-0.99974626	-7.3469835e-08	6.929751e-08	1
0	-0.000473738	0.0004468516	0.000106020794	0	0	-0.25499967	-0.000473738	0.00044685166	0.0001060208	-1.7804376e-13	1.7974924e-15	4.7422592e-17	-1.7619868e-13	-0.00094741234	0.00089364324	-0.999788	-6.364152e-08	6.002961e-08	1
0	-0.0004176903	0.00039398787	9.03832e-05	0	0	-0.30500022	-0.0004176903	0.00039398787	9.03832e-05	-1.7804378e-13	1.7975469e-15	4.7402177e-17	-1.7619866e-13	-0.00083532446	0.00078792276	-0.99981916	-5.6137583e-08	5.295196e-08	1
0	-0.00037348934	0.00035229215	7.827935e-05	0	0	-0.3549996	-0.00037348934	0.00035229215	7.827935e-05	-1.7804376e-13	1.797589e-15	4.7384975e-17	-1.7619861e-13	-0.00074692845	0.000704537	-0.99984336	-5.0219747e-08	4.736955e-08	1
0	-0.00033774934	0.00031857495	6.867459e-05	0	0	-0.40499973	-0.0003377493	0.00031857495	6.867459e-05	-1.7804378e-13	1.7976222e-15	4.7370255e-17	-1.7619859e-13	-0.0006754532	0.00063710706	-0.9998627	-4.543473e-08	4.2855344e-08	1
0	-0.0003082454	0.00029073952	6.0886e-05	0	0	-0.45500082	-0.0003082454	0.00029073952	6.0886e-05	-1.7804376e-13	1.7976493e-15	4.73575e-17	-1.7619857e-13	-0.0006164493	0.00058143993	-0.9998782	-4.1484626e-08	3.9128636e-08	1
0	-0.0002834795	0.00026737375	5.4464836e-05	0	0	-0.5050003	-0.0002834795	0.00026737378	5.4464832e-05	-1.7804376e-13	1.7976716e-15	4.734634e-17	-1.7619857e-13	-0.00056692085	0.0005347115	-0.99989104	-3.8168892e-08	3.600035e-08	1
0	-0.00026239574	0.00024748148	4.9094e-05	0	0	-0.55500025	-0.00026239574	0.00024748148	4.9094004e-05	-1.7804375e-13	1.79769e-15	4.7336473e-17	-1.7619855e-13	-0.00052475615	0.0004949296	-0.99990183	-3.534615e-08	3.3337116e-08	1
0	-0.00024423032	0.00023034264	4.4544056e-05	0	0	-0.60500026	-0.00024423032	0.00023034264	4.4544056e-05	-1.7804375e-13	1.7977059e-15	4.73277e-17	-1.7619855e-13	-0.00048842776	0.00046065424	-0.9999109	-3.2914127e-08	3.1042536e-08	1
0	-0.00022841626	0.00021542229	4.064636e-05	0	0	-0.6549993	-0.00022841626	0.00021542229	4.064636e-05	-1.7804375e-13	1.7977192e-15	4.7319836e-17	-1.7619852e-13	-0.00045680176	0.0004308155	-0.99991864	-3.0796926e-08	2.9044976e-08	1
0	-0.00021452518	0.0002023164	3.7281046e-05	0	0	-0.70500124	-0.00021452518	0.0002023164	3.7281046e-05	-1.7804371e-13	1.797731e-15	4.7312746e-17	-1.7619849e-13	-0.00042902143	0.00040460553	-0.9999254	-2.8937183e-08	2.7290353e-08	1
0	-0.00020222498	0.00019071154	3.434703e-05	0	0	-0.7549992	-0.000202225	0.00019071155	3.434703e-05	-1.7804371e-13	1.797741e-15	4.7306324e-17	-1.7619849e-13	-0.0004044227	0.00038139735	-0.99993134	-2.7290438e-08	2.5736693e-08	1
0	-0.00019126142	0.00018036799	3.176988e-05	0	0	-0.80500025	-0.00019126144	0.00018036799	3.176988e-05	-1.7804368e-13	1.7977501e-15	4.730048e-17	-1.7619847e-13	-0.00038249703	0.00036071165	-0.99993646	-2.5822661e-08	2.435192e-08	1
0	-0.000181422	0.00017108512	2.949555e-05	0	0	-0.85500133	-0.000181422	0.00017108512	2.9495548e-05	-1.7804367e-13	1.7977578e-15	4.7295127e-17	-1.7619845e-13	-0.00036281953	0.00034214713	-0.999941	-2.4505379e-08	2.3109147e-08	1
0	-0.00017254562	0.00016271102	2.7474263e-05	0	0	-0.9049992	-0.00017254564	0.00016271102	2.7474263e-05	-1.7804367e-13	1.7977648e-15	4.7290223e-17	-1.7619845e-13	-0.00034506797	0.00032540006	-0.99994504	-2.3317044e-08	2.1988045e-08	1
0	-0.00016449967	0.00015512035	2.5666815e-05	0	0	-0.95500135	-0.00016449967	0.00015512035	2.5666815e-05	-1.7804366e-13	1.7977707e-15	4.728571e-17	-1.7619844e-13	-0.0003289771	0.0003102197	-0.9999487	-2.2239892e-08	2.0971843e-08	1
0	-0.00015787188	0.00014886777	2.4199415e-05	0	0	-1	-0.00015787188	0.00014886777	2.4199415e-05	-1.7804366e-13	1.797776e-15	4.7281945e-17	-1.7619844e-13	-0.0003157224	0.0002977154	-0.9999516	-2.1352605e-08	2.0134777e-08	1
0	-0.00016526498	0.00015584214	2.5838946e-05	0	0	-0.94999886	-0.00016526498	0.00015584214	2.5838946e-05	-1.7804366e-13	1.7977705e-15	4.7286147e-17	-1.7619844e-13	-0.00033050764	0.0003116632	-0.99994826	-2.2342338e-08	2.1068457e-08	1
0	-0.00017338964	0.00016350692	2.766546e-05	0	0	-0.900001	-0.00017338964	0.00016350692	2.7665461e-05	-1.7804367e-13	1.7977641e-15	4.7290696e-17	-1.7619845e-13	-0.00034675584	0.00032699178	-0.9999447	-2.343003e-08	2.209459e-08	1
0	-0.00018235476	0.00017196481	2.9711297e-05	0	0	-0.849999	-0.00018235474	0.00017196481	2.9711297e-05	-1.7804367e-13	1.7977571e-15	4.7295643e-17	-1.7619845e-13	-0.00036468488	0.0003439064	-0.9999406	-2.4630243e-08	2.3226907e-08	1
0	-0.00019229778	0.0001813454	3.2014093e-05	0	0	-0.8000007	-0.00019229778	0.0001813454	3.2014093e-05	-1.7804368e-13	1.7977489e-15	4.7301036e-17	-1.7619847e-13	-0.0003845696	0.0003626663	-0.999936	-2.5961395e-08	2.4482759e-08	1
0	-0.00020338627	0.00019180687	3.4621007e-05	0	0	-0.75	-0.00020338627	0.00019180689	3.4621007e-05	-1.7804371e-13	1.7977402e-15	4.7306942e-17	-1.7619849e-13	-0.0004067451	0.00038358787	-0.99993074	-2.7445907e-08	2.588333e-08	1
0	-0.00021583095	0.00020354798	3.7596335e-05	0	0	-0.69999945	-0.00021583097	0.00020354798	3.7596335e-05	-1.7804371e-13	1.7977302e-15	4.7313424e-17	-1.7619849e-13	-0.00043163286	0.0004070685	-0.9999247	-2.9111987e-08	2.7455226e-08	1
0	-0.0002298993	0.00021682108	4.1009283e-05	0	0	-0.6500008	-0.00022989932	0.00021682108	4.100929e-05	-1.7804374e-13	1.7977184e-15	4.732058e-17	-1.7619855e-13	-0.00045976765	0.0004336129	-0.99991804	-3.099547e-08	2.9232238e-08	1
0	-0.00024592644	0.0002319423	4.4966542e-05	0	0	-0.59999925	-0.00024592644	0.0002319423	4.4966542e-05	-1.7804375e-13	1.7977044e-15	4.7328535e-17	-1.7619855e-13	-0.00049181975	0.00046385336	-0.99991006	-3.3141202e-08	3.1256693e-08	1
0	-0.0002643544	0.00024932882	4.9589224e-05	0	0	-0.5499998	-0.0002643544	0.00024932885	4.9589224e-05	-1.7804375e-13	1.7976885e-15	4.7337412e-17	-1.7619855e-13	-0.00052867323	0.00049862405	-0.9999009	-3.5608373e-08	3.3584435e-08	1
0	-0.00028576682	0.000269531	5.5053686e-05	0	0	-0.5	-0.00028576682	0.000269531	5.5053682e-05	-1.7804376e-13	1.7976697e-15	4.7347388e-17	-1.7619857e-13	-0.00057149515	0.0005390257	-0.9998899	-3.8475118e-08	3.628916e-08	1
0	-0.00031094858	0.00029328896	6.159626e-05	0	0	-0.4500005	-0.00031094858	0.00029328896	6.159626e-05	-1.7804376e-13	1.7976468e-15	4.73587e-17	-1.7619859e-13	-0.0006218554	0.0005865384	-0.99987686	-4.184653e-08	3.9469946e-08	1
0	-0.0003409935	0.0003216342	6.954159e-05	0	0	-0.40000036	-0.0003409935	0.00032163423	6.954159e-05	-1.7804376e-13	1.7976193e-15	4.7371634e-17	-1.761986e-13	-0.00068194116	0.00064322527	-0.99986094	-4.5869054e-08	4.326492e-08	1
0	-0.00037746597	0.00035604154	7.936262e-05	0	0	-0.34999973	-0.00037746597	0.00035604154	7.936262e-05	-1.7804376e-13	1.7975852e-15	4.738657e-17	-1.7619861e-13	-0.0007548812	0.00071203517	-0.9998413	-5.0752142e-08	4.787152e-08	1
0	-0.00042266093	0.00039867367	9.176317e-05	0	0	-0.29999962	-0.00042266093	0.00039867367	9.176317e-05	-1.7804378e-13	1.7975422e-15	4.740406e-17	-1.7619866e-13	-0.0008452651	0.0007972938	-0.9998165	-5.6803053e-08	5.3579303e-08	1
0	-0.0004801481	0.00045289306	0.000107832224	0	0	-0.25	-0.00048014813	0.00045289306	0.000107832224	-1.7804376e-13	1.797486e-15	4.7424842e-17	-1.7619868e-13	-0.00096023176	0.0009057253	-0.99978435	-6.449973e-08	6.083846e-08	1
0	-0.0005645951	0.00053252064	0.0001319151	0	0	-0.19499981	-0.0005645951	0.0005325206	0.0001319151	-1.7804375e-13	1.7974022e-15	4.7452834e-17	-1.7619875e-13	-0.0011291145	0.0010649698	-0.99973625	-7.580596e-08	7.1499386e-08	1
0	-0.0005737786	0.0005411785	0.00013456082	0	0	-0.19000006	-0.0005737786	0.00054117857	0.0001345608	-1.7804375e-13	1.797393e-15	4.7455712e-17	-1.7619874e-13	-0.0011474801	0.0010822845	-0.99973094	-7.703549e-08	7.265857e-08	1
0	-0.0005832548	0.00055011205	0.00013729591	0	0	-0.18499996	-0.00058325473	0.0005501121	0.00013729591	-1.7804375e-13	1.7973834e-15	4.745866e-17	-1.7619875e-13	-0.0011664312	0.0011001503	-0.99972534	-7.830421e-08	7.385463e-08	1
0	-0.00059305073	0.0005593463	0.000140129	0	0	-0.18000017	-0.00059305073	0.0005593463	0.000140129	-1.7804375e-13	1.7973732e-15	4.7461668e-17	-1.7619875e-13	-0.0011860218	0.0011186175	-0.9997197	-7.9615745e-08	7.509096e-08	1
0	-0.00060317875	0.00056889333	0.00014306552	0	0	-0.17499986	-0.00060317875	0.00056889333	0.00014306552	-1.7804375e-13	1.797363e-15	4.7464745e-17	-1.7619876e-13	-0.0012062765	0.0011377104	-0.9997139	-8.097174e-08	7.6369176e-08	1
0	-0.00061365834	0.0005787713	0.0001461079	0	0	-0.17000006	-0.0006136583	0.0005787712	0.0001461079	-1.7804375e-13	1.7973525e-15	4.7467895e-17	-1.7619876e-13	-0.0012272343	0.0011574648	-0.9997077	-8.237481e-08	7.769168e-08	1
0	-0.00062451087	0.0005890005	0.00014926455	0	0	-0.1650002	-0.00062451087	0.0005890005	0.00014926455	-1.7804375e-13	1.7973412e-15	4.7471124e-17	-1.7619875e-13	-0.0012489379	0.001177922	-0.9997015	-8.382782e-08	7.906123e-08	1
0	-0.00063575304	0.00059959636	0.00015253923	0	0	-0.15999989	-0.00063575304	0.00059959636	0.00015253924	-1.7804374e-13	1.7973298e-15	4.7474427e-17	-1.7619878e-13	-0.0012714209	0.0011991122	-0.9996948	-8.5332985e-08	8.047986e-08	1
0	-0.00064740016	0.0006105733	0.00015594314	0	0	-0.15500008	-0.0006474001	0.0006105733	0.00015594314	-1.7804371e-13	1.797318e-15	4.7477805e-17	-1.7619878e-13	-0.0012947134	0.0012210646	-0.9996881	-8.6892356e-08	8.1949494e-08	1
0	-0.00065949355	0.00062196975	0.00015947699	0	0	-0.14999981	-0.00065949355	0.00062196975	0.00015947699	-1.7804371e-13	1.7973059e-15	4.7481276e-17	-1.7619876e-13	-0.0013188986	0.0012438559	-0.999681	-8.8511506e-08	8.347532e-08	1
0	-0.0006720425	0.0006337955	0.00016315482	0	0	-0.14500023	-0.0006720425	0.0006337955	0.00016315484	-1.7804371e-13	1.7972925e-15	4.748483e-17	-1.7619878e-13	-0.0013439949	0.0012675058	-0.9996737	-9.019163e-08	8.505861e-08	1
0	-0.0006850762	0.000646077	0.00016698118	0	0	-0.14000009	-0.0006850762	0.000646077	0.00016698118	-1.7804368e-13	1.797279e-15	4.7488475e-17	-1.7619876e-13	-0.0013700604	0.0012920672	-0.9996661	-9.193664e-08	8.670293e-08	1
0	-0.000698621	0.0006588396	0.00017096596	0	0	-0.13500017	-0.000698621	0.0006588396	0.00017096596	-1.7804368e-13	1.7972652e-15	4.749221e-17	-1.7619878e-13	-0.001397148	0.0013175907	-0.99965805	-9.3750096e-08	8.841165e-08	1
0	-0.0007127229	0.00067212596	0.00017511763	0	0	-0.13000007	-0.0007127229	0.00067212596	0.00017511762	-1.7804367e-13	1.7972508e-15	4.7496042e-17	-1.7619878e-13	-0.0014253502	0.0013441617	-0.99964976	-9.563815e-08	9.01905e-08	1
0	-0.00072738243	0.00068593776	0.00017944792	0	0	-0.125	-0.00072738255	0.0006859377	0.0001794479	-1.7804367e-13	1.7972358e-15	4.749998e-17	-1.7619879e-13	-0.0014546673	0.0013717834	-0.99964106	-9.760085e-08	9.203969e-08	1
0	-0.0007426927	0.0007003592	0.00018397068	0	0	-0.11999989	-0.0007426927	0.0007003591	0.00018397067	-1.7804366e-13	1.7972197e-15	4.7504026e-17	-1.7619879e-13	-0.0014852856	0.0014006244	-0.9996321	-9.965069e-08	9.397052e-08	1
0	-0.0007586355	0.00071537745	0.00018869145	0	0	-0.11499984	-0.0007586355	0.0007153775	0.00018869144	-1.7804366e-13	1.797203e-15	4.7508182e-17	-1.761988e-13	-0.0015171693	0.0014306591	-0.99962264	-1.0178519e-07	9.598125e-08	1
0	-0.0007752882	0.0007310623	0.00019363042	0	0	-0.10999988	-0.0007752882	0.0007310623	0.00019363042	-1.7804364e-13	1.797186e-15	4.7512454e-17	-1.761988e-13	-0.0015504725	0.0014620265	-0.9996127	-1.0401477e-07	9.808122e-08	1
0	-0.00079268496	0.0007474465	0.00019879895	0	0	-0.10499983	-0.00079268496	0.0007474465	0.00019879895	-1.7804364e-13	1.797168e-15	4.751685e-17	-1.7619882e-13	-0.0015852635	0.0014947928	-0.9996025	-1.06343954e-07	1.0027483e-07	1
0	-0.00081086083	0.0007645644	0.00020421384	0	0	-0.10000009	-0.0008108608	0.0007645644	0.00020421384	-1.7804364e-13	1.7971487e-15	4.7521374e-17	-1.7619883e-13	-0.0016216128	0.0015290261	-0.99959165	-1.0877742e-07	1.0256663e-07	1
0	-0.00082992425	0.0007825145	0.00020989266	0	0	-0.09500003	-0.00082992425	0.0007825145	0.00020989268	-1.7804362e-13	1.7971288e-15	4.7526026e-17	-1.7619885e-13	-0.0016597372	0.0015649239	-0.99958026	-1.1132977e-07	1.049699e-07	1
0	-0.0008498935	0.0008013159	0.0002158535	0	0	-0.090000086	-0.0008498935	0.0008013159	0.0002158535	-1.7804359e-13	1.7971079e-15	4.7530824e-17	-1.7619883e-13	-0.0016996729	0.0016025241	-0.99956834	-1.14003356e-07	1.07487125e-07	1
0	-0.0008708304	0.0008210275	0.00022211912	0	0	-0.08500003	-0.0008708303	0.00082102744	0.00022211914	-1.7804357e-13	1.7970856e-15	4.7535774e-17	-1.7619882e-13	-0.001741544	0.0016419447	-0.99955577	-1.1680652e-07	1.1012622e-07	1
0	-0.00089281984	0.0008417271	0.00022871033	0	0	-0.079999946	-0.00089281984	0.000841727	0.00022871033	-1.7804355e-13	1.7970628e-15	4.7540876e-17	-1.7619883e-13	-0.00178552	0.0016833411	-0.9995426	-1.197506e-07	1.12897595e-07	1
0	-0.00091598753	0.00086353236	0.00023565655	0	0	-0.074999906	-0.00091598753	0.00086353224	0.00023565654	-1.7804353e-13	1.7970384e-15	4.754614e-17	-1.7619885e-13	-0.0018318524	0.001726949	-0.99952865	-1.2285244e-07	1.15817016e-07	1
0	-0.00094037637	0.00088648417	0.00024298245	0	0	-0.070000045	-0.00094037637	0.0008864841	0.00024298245	-1.7804352e-13	1.7970126e-15	4.755158e-17	-1.7619885e-13	-0.0018806265	0.0017728496	-0.99951404	-1.2611775e-07	1.18889936e-07	1
0	-0.000966086	0.00091067585	0.0002507189	0	0	-0.065000035	-0.000966086	0.00091067585	0.0002507189	-1.7804352e-13	1.7969855e-15	4.7557198e-17	-1.7619887e-13	-0.0019320425	0.0018212296	-0.99949855	-1.2955994e-07	1.2212884e-07	1
0	-0.0009932483	0.0009362307	0.00025890383	0	0	-0.059999947	-0.0009932483	0.0009362307	0.00025890386	-1.7804348e-13	1.7969565e-15	4.756301e-17	-1.7619886e-13	-0.0019863632	0.0018723359	-0.9994822	-1.331966e-07	1.2555027e-07	1
0	-0.0010219739	0.00096325297	0.0002675707	0	0	-0.05499994	-0.0010219739	0.00096325297	0.0002675707	-1.7804345e-13	1.7969262e-15	4.756902e-17	-1.7619886e-13	-0.0020438107	0.0019263767	-0.99946487	-1.3704255e-07	1.2916816e-07	1
0	-0.001052404	0.0009918737	0.0002767666	0	0	-0.050000045	-0.001052404	0.0009918737	0.0002767666	-1.7804344e-13	1.7968938e-15	4.7575243e-17	-1.7619887e-13	-0.002104667	0.0019836142	-0.9994465	-1.4111673e-07	1.3300004e-07	1
0	-0.0010846403	0.0010221885	0.00028653696	0	0	-0.045000043	-0.0010846403	0.0010221885	0.000286537	-1.7804341e-13	1.7968595e-15	4.7581702e-17	-1.7619889e-13	-0.002169135	0.00204424	-0.99942696	-1.4543267e-07	1.3705872e-07	1
0	-0.0011190858	0.001054574	0.00029695308	0	0	-0.039999973	-0.0011190858	0.001054574	0.00029695308	-1.780434e-13	1.7968224e-15	4.7588402e-17	-1.7619891e-13	-0.0022380215	0.0021090067	-0.99940604	-1.5004449e-07	1.4139472e-07	1
0	-0.0011556034	0.0010889015	0.0003080462	0	0	-0.035000023	-0.0011556034	0.0010889015	0.0003080462	-1.7804334e-13	1.7967837e-15	4.759536e-17	-1.7619889e-13	-0.0023110518	0.002177657	-0.9993839	-1.5493366e-07	1.4599065e-07	1
0	-0.0011947751	0.001125716	0.00031991964	0	0	-0.029999973	-0.001194775	0.001125716	0.00031991967	-1.780433e-13	1.7967417e-15	4.760259e-17	-1.761989e-13	-0.0023893898	0.002251281	-0.99936014	-1.6017825e-07	1.509196e-07	1
0	-0.0012365817	0.0011649983	0.00033262966	0	0	-0.025000023	-0.0012365817	0.0011649983	0.00033262966	-1.7804328e-13	1.7966969e-15	4.761011e-17	-1.7619893e-13	-0.0024729974	0.0023298403	-0.99933475	-1.6577559e-07	1.561789e-07	1
0	-0.0012814357	0.0012071339	0.00034627772	0	0	-0.019999987	-0.0012814357	0.0012071339	0.00034627775	-1.7804322e-13	1.796649e-15	4.761795e-17	-1.7619891e-13	-0.0025626996	0.002414106	-0.9993074	-1.7178091e-07	1.6182025e-07	1
0	-0.0013296651	0.0012524285	0.0003609667	0	0	-0.014999987	-0.0013296651	0.0012524285	0.0003609667	-1.7804318e-13	1.7965971e-15	4.7626125e-17	-1.7619893e-13	-0.0026591518	0.0025046892	-0.99927807	-1.7823817e-07	1.6788455e-07	1
0	-0.0013816485	0.0013012358	0.00037681585	0	0	-0.009999993	-0.0013816486	0.0013012358	0.00037681588	-1.7804314e-13	1.7965412e-15	4.7634648e-17	-1.7619894e-13	-0.0027631118	0.0026022966	-0.9992464	-1.8519805e-07	1.7441916e-07	1
0	-0.0014378658	0.0013540022	0.00039397238	0	0	-0.0049999966	-0.0014378658	0.0013540022	0.00039397238	-1.7804309e-13	1.7964809e-15	4.7643572e-17	-1.7619895e-13	-0.002875539	0.0027078225	-0.999212	-1.9272477e-07	1.8148378e-07	1
0	-0.001498857	0.0014112305	0.0004125965	0	0	9.887924e-17	-0.001498857	0.0014112308	0.0004125965	-1.7804306e-13	1.7964148e-15	4.765291e-17	-1.76199e-13	-0.0029975132	0.0028222722	-0.9991748	-2.0089067e-07	1.8914587e-07	1
0	-0.0015651806	0.001473438	0.00043287862	0	0	0.0049999966	-0.0015651805	0.001473438	0.00043287862	-1.7804296e-13	1.7963432e-15	4.76627e-17	-1.7619898e-13	-0.0031301514	0.0029466785	-0.9991342	-2.0977046e-07	1.9747449e-07	1
0	-0.0016377333	0.0015414632	0.00045506138	0	0	0.009999993	-0.0016377333	0.0015414632	0.00045506138	-1.780429e-13	1.796265e-15	4.7672976e-17	-1.7619898e-13	-0.0032752475	0.0030827203	-0.9990899	-2.1948426e-07	2.0658209e-07	1
0	-0.0017175269	0.0016162519	0.00047942676	0	0	0.014999987	-0.0017175269	0.001616252	0.00047942676	-1.7804282e-13	1.7961787e-15	4.7683793e-17	-1.76199e-13	-0.0034348234	0.0032322872	-0.99904114	-2.3016759e-07	2.1659528e-07	1
0	-0.0018050629	0.001698247	0.00050626043	0	0	0.019999987	-0.001805063	0.001698247	0.00050626043	-1.7804273e-13	1.796084e-15	4.769518e-17	-1.7619902e-13	-0.0036098836	0.0033962661	-0.99898744	-2.4188745e-07	2.2757318e-07	1
0	-0.0019026494	0.0017896299	0.00053603883	0	0	0.025000023	-0.0019026493	0.0017896299	0.00053603883	-1.7804263e-13	1.7959786e-15	4.7707215e-17	-1.7619903e-13	-0.0038050439	0.0035790203	-0.99892795	-2.54953e-07	2.3980812e-07	1
0	-0.0020111513	0.0018911557	0.0005692057	0	0	0.029999973	-0.002011151	0.0018911557	0.0005692057	-1.7804252e-13	1.7958613e-15	4.771994e-17	-1.7619905e-13	-0.004022033	0.0037820581	-0.99886155	-2.6947998e-07	2.5340097e-07	1
0	-0.0021326875	0.0020048153	0.000606372	0	0	0.035000023	-0.0021326875	0.0020048155	0.00060637196	-1.780424e-13	1.79573e-15	4.773344e-17	-1.7619906e-13	-0.0042650895	0.0040093614	-0.99878716	-2.8575204e-07	2.6861832e-07	1
0	-0.0022695707	0.0021327194	0.0006482929	0	0	0.039999973	-0.002269571	0.0021327194	0.0006482929	-1.7804226e-13	1.7955815e-15	4.774779e-17	-1.761991e-13	-0.0045388374	0.004265153	-0.99870336	-3.0407878e-07	2.857428e-07	1
0	-0.0024256872	0.0022784898	0.0006959963	0	0	0.045000043	-0.0024256872	0.0022784898	0.0006959963	-1.7804207e-13	1.7954125e-15	4.7763083e-17	-1.7619909e-13	-0.0048510493	0.0045566745	-0.998608	-3.249807e-07	3.052594e-07	1
0	-0.0026053172	0.0024460952	0.0007507688	0	0	0.050000045	-0.0026053172	0.0024460955	0.00075076893	-1.7804187e-13	1.7952186e-15	4.777943e-17	-1.761991e-13	-0.005210285	0.004891863	-0.9984985	-3.4903084e-07	3.2769947e-07	1
0	-0.0028128165	0.002639444	0.00081418676	0	0	0.05499994	-0.0028128163	0.002639444	0.00081418676	-1.7804164e-13	1.7949937e-15	4.7796974e-17	-1.7619913e-13	-0.005625256	0.0052785343	-0.9983716	-3.7681212e-07	3.53586e-07	1
0	-0.0030584203	0.0028680253	0.00088876206	0	0	0.059999947	-0.0030584203	0.0028680253	0.00088876206	-1.7804138e-13	1.7947294e-15	4.7815857e-17	-1.7619918e-13	-0.0061164307	0.0057356665	-0.9982225	-4.0969542e-07	3.8419003e-07	1
0	-0.003348798	0.0031378681	0.0009772863	0	0	0.065000035	-0.003348798	0.0031378681	0.0009772863	-1.7804104e-13	1.7944156e-15	4.7836265e-17	-1.761992e-13	-0.006697148	0.0062753153	-0.99804544	-4.4857302e-07	4.20318e-07	1
0	-0.0037055197	0.0034687347	0.0010848618	0	0	0.070000045	-0.0037055197	0.0034687347	0.0010848618	-1.7804063e-13	1.794034e-15	4.785841e-17	-1.7619924e-13	-0.007410543	0.0069370046	-0.99783033	-4.963338e-07	4.6461685e-07	1
0	-0.004142672	0.0038731596	0.001217407	0	0	0.074999906	-0.004142672	0.0038731596	0.001217407	-1.7804015e-13	1.7935639e-15	4.7882554e-17	-1.7619928e-13	-0.008284789	0.0077458	-0.99756515	-5.5486265e-07	5.187636e-07	1
0	-0.0047027688	0.004389693	0.0013859625	0	0	0.079999946	-0.0047027688	0.004389693	0.0013859625	-1.7803947e-13	1.7929657e-15	4.7908988e-17	-1.761993e-13	-0.009404909	0.008778797	-0.9972281	-6.298527e-07	5.879205e-07	1
0	-0.005443268	0.0050695874	0.0016075803	0	0	0.08500003	-0.005443268	0.0050695874	0.0016075803	-1.7803861e-13	1.7921792e-15	4.7938018e-17	-1.7619935e-13	-0.010885808	0.010138495	-0.9967849	-7.289965e-07	6.789495e-07	1
0	-0.0064691603	0.0060054287	0.0019129495	0	0	0.090000086	-0.006469161	0.0060054283	0.0019129495	-1.7803737e-13	1.7910965e-15	4.796993e-17	-1.7619943e-13	-0.012937455	0.012010054	-0.9961741	-8.6635123e-07	8.042467e-07	1
0	-0.007999968	0.007388436	0.002364825	0	0	0.09500003	-0.007999968	0.007388436	0.002364825	-1.7803555e-13	1.7894947e-15	4.800473e-17	-1.7619948e-13	-0.015998863	0.014775882	-0.9952704	-1.0713084e-06	9.894138e-07	1
0	-0.010584114	0.009684176	0.0031182435	0	0	0.10000009	-0.010584114	0.009684175	0.0031182435	-1.7803243e-13	1.7868291e-15	4.8040714e-17	-1.7619955e-13	-0.02116681	0.019367054	-0.99376345	-1.4172971e-06	1.2967862e-06	1
0	-0.016318953	0.014588999	0.0047804276	0	0	0.10499983	-0.016318955	0.014588999	0.0047804276	-1.7802554e-13	1.78098e-15	4.8065407e-17	-1.7619967e-13	-0.032635726	0.029176045	-0.9904391	-2.1851351e-06	1.953489e-06	1
0	-0.021277975	0.01881756	0.006861168	0	0	0.10999988	-0.021277975	0.018817563	0.006861168	-1.780169e-13	1.7737382e-15	4.8093088e-17	-1.7619989e-13	-0.04255311	0.037632603	-0.9862777	-2.8489292e-06	2.519504e-06	1
0	-0.02228051	0.019672949	0.0073729083	0	0	0.11499984	-0.02228051	0.019672947	0.0073729083	-1.7801482e-13	1.7719715e-15	4.8113265e-17	-1.7620013e-13	-0.044558037	0.039343264	-0.98525417	-2.9828955e-06	2.6338014e-06	1
0	-0.022726687	0.020057386	0.007622459	0	0	0.11999989	-0.022726687	0.020057386	0.007622459	-1.780138e-13	1.771112e-15	4.8125543e-17	-1.762004e-13	-0.04545033	0.040112086	-0.9847551	-3.0423596e-06	2.6850314e-06	1
0	-0.023323782	0.02057466	0.007974282	0	0	0.125	-0.023323782	0.02057466	0.007974282	-1.7801236e-13	1.7699013e-15	4.8143576e-17	-1.7620067e-13	-0.046644434	0.04114656	-0.98405147	-3.1220143e-06	2.7540339e-06	1
0	-0.024014954	0.02117501	0.0083975075	0	0	0.13000007	-0.024014952	0.021175008	0.0083975075	-1.7801064e-13	1.7684481e-15	4.816453e-17	-1.7620099e-13	-0.048026692	0.04234718	-0.98320496	-3.2142475e-06	2.8341437e-06	1
0	-0.024804018	0.021861348	0.008897776	0	0	0.13500017	-0.024804018	0.021861348	0.008897777	-1.780086e-13	1.7667347e-15	4.818805e-17	-1.7620133e-13	-0.049604718	0.043719772	-0.98220444	-3.3195645e-06	2.9257476e-06	1
0	-0.025836926	0.022760285	0.009576442	0	0	0.14000009	-0.025836926	0.022760285	0.009576442	-1.7800583e-13	1.7644175e-15	4.821741e-17	-1.7620173e-13	-0.05167039	0.045517527	-0.9808471	-3.457494e-06	3.045785e-06	1
0	-0.027288333	0.024023049	0.010570963	0	0	0.14500023	-0.027288329	0.024023047	0.010570963	-1.780018e-13	1.7610376e-15	4.8255133e-17	-1.7620229e-13	-0.054573014	0.04804288	-0.9788581	-3.6513961e-06	3.2144835e-06	1
0	-0.029282175	0.025755811	0.012012133	0	0	0.14999981	-0.029282175	0.025755811	0.012012133	-1.7799599e-13	1.7561755e-15	4.830065e-17	-1.7620298e-13	-0.05856043	0.05150818	-0.97597575	-3.9178376e-06	3.4460359e-06	1
0	-0.03132265	0.027526941	0.013580371	0	0	0.15500008	-0.031322654	0.027526937	0.013580371	-1.779897e-13	1.7509328e-15	4.834199e-17	-1.7620383e-13	-0.06264112	0.055050194	-0.9728392	-4.1904705e-06	3.6826789e-06	1
0	-0.033111356	0.029078627	0.015038865	0	0	0.15999989	-0.033111356	0.029078629	0.015038865	-1.7798392e-13	1.7461035e-15	4.8375822e-17	-1.7620477e-13	-0.06621828	0.05815336	-0.9699222	-4.429375e-06	3.889925e-06	1
0	0.0005942891	-0.00056050974	0.9998595	0	0	0.1650002	0.00059428916	-0.00056050974	0.9998595	-1.7804375e-13	1.7987678e-15	2.8939102e-19	-1.7729561e-13	0.0011884988	-0.0011209443	0.999719	7.952319e-08	-7.500315e-08	1
0	0.0005845004	-0.0005512908	0.9998623	0	0	0.17000006	0.00058450043	-0.0005512908	0.9998623	-1.7804375e-13	1.798778e-15	2.8610551e-19	-1.7732746e-13	0.0011689226	-0.0011025079	0.99972475	7.820981e-08	-7.376622e-08	1
0	0.0005749835	-0.00054231886	0.9998651	0	0	0.17499986	0.0005749835	-0.0005423189	0.9998651	-1.7804375e-13	1.7987878e-15	2.828944e-19	-1.773593e-13	0.00114989	-0.0010845652	0.9997301	7.69329e-08	-7.256244e-08	1
0	0.0005657733	-0.0005336357	0.99986774	0	0	0.18000017	0.0005657733	-0.0005336357	0.9998678	-1.7804375e-13	1.7987973e-15	2.797567e-19	-1.7739114e-13	0.0011314708	-0.0010672	0.9997355	7.569716e-08	-7.139741e-08	1
0	0.0005568534	-0.0005252261	0.9998703	0	0	0.18499996	0.0005568535	-0.0005252261	0.9998703	-1.7804376e-13	1.798806e-15	2.766897e-19	-1.7742298e-13	0.0011136323	-0.0010503819	0.9997406	7.450038e-08	-7.026908e-08	1
0	0.00054820604	-0.0005170731	0.9998728	0	0	0.19000006	0.00054820604	-0.0005170731	0.9998728	-1.7804376e-13	1.7988146e-15	2.736907e-19	-1.7745484e-13	0.0010963387	-0.0010340769	0.9997456	7.334014e-08	-6.9175165e-08	1
0	0.0005398239	-0.0005091697	0.9998752	0	0	0.19499981	0.0005398239	-0.0005091697	0.9998752	-1.7804376e-13	1.7988227e-15	2.7075757e-19	-1.7748669e-13	0.0010795757	-0.0010182713	0.99975044	7.221551e-08	-6.811477e-08	1
0	0.0005238094	-0.00049406994	0.99987984	0	0	0.20499994	0.00052380934	-0.00049406994	0.99987984	-1.7804376e-13	1.798839e-15	2.6507982e-19	-1.7755037e-13	0.0010475487	-0.0009880738	0.99975955	7.0066825e-08	-6.6088816e-08	1
0	0.00045613915	-0.00043025357	0.9998989	0	0	0.25499967	0.00045613915	-0.00043025357	0.9998989	-1.7804376e-13	1.798906e-15	2.3996068e-19	-1.7786883e-13	0.0009122173	-0.0008604496	0.9997979	6.098746e-08	-5.75265e-08	1
0	0.0004039469	-0.00038102374	0.99991345	0	0	0.30500022	0.0004039469	-0.00038102374	0.99991345	-1.7804378e-13	1.7989563e-15	2.1919547e-19	-1.781873e-13	0.0008078398	-0.0007619965	0.9998268	5.398481e-08	-5.0921308e-08	1
0	0.00036246117	-0.0003418888	0.99992466	0	0	0.3549996	0.00036246117	-0.0003418888	0.99992466	-1.7804378e-13	1.7989957e-15	2.0170294e-19	-1.7850578e-13	0.0007248739	-0.0006837319	0.9998494	4.841868e-08	-4.567057e-08	1
0	0.00032870003	-0.00031003772	0.9999338	0	0	0.40499973	0.00032870003	-0.00031003772	0.9999338	-1.7804376e-13	1.799027e-15	1.8674187e-19	-1.7882427e-13	0.0006573561	-0.000620034	0.9998675	4.3888974e-08	-4.1397147e-08	1
0	0.0003006906	-0.00028361194	0.9999411	0	0	0.45500082	0.0003006906	-0.00028361194	0.99994105	-1.7804376e-13	1.7990525e-15	1.7378545e-19	-1.7914277e-13	0.00060134113	-0.00056718604	0.9998822	4.0130995e-08	-3.7851642e-08	1
0	0.00027707743	-0.00026133342	0.9999472	0	0	0.5050003	0.00027707743	-0.00026133342	0.9999472	-1.7804376e-13	1.7990734e-15	1.624469e-19	-1.7946126e-13	0.0005541179	-0.000522632	0.9998943	3.6962867e-08	-3.4862587e-08	1
0	0.00025690175	-0.00024229797	0.9999523	0	0	0.55500025	0.00025690175	-0.00024229797	0.9999523	-1.7804375e-13	1.7990914e-15	1.5243518e-19	-1.7977975e-13	0.0005137693	-0.00048456364	0.99990463	3.4255955e-08	-3.2308655e-08	1
0	0.00023946346	-0.0002258452	0.99995667	0	0	0.60500026	0.00023946346	-0.0002258452	0.99995667	-1.7804375e-13	1.7991065e-15	1.4352659e-19	-1.8009825e-13	0.000478895	-0.00045166025	0.9999133	3.1916326e-08	-3.0101255e-08	1
0	0.00022424184	-0.00021148386	0.9999604	0	0	0.6549993	0.00022424184	-0.00021148386	0.9999604	-1.7804374e-13	1.7991194e-15	1.3554614e-19	-1.8041673e-13	0.00044845382	-0.00042293954	0.99992085	2.9874116e-08	-2.8174465e-08	1
0	0.00021083714	-0.00019883683	0.99996364	0	0	0.70500124	0.00021083714	-0.00019883682	0.99996364	-1.7804371e-13	1.7991304e-15	1.2835443e-19	-1.807352e-13	0.00042164617	-0.00039764715	0.99992716	2.8075677e-08	-2.6477686e-08	1
0	0.00019894648	-0.00018761845	0.9999664	0	0	0.7549992	0.00019894648	-0.00018761845	0.9999664	-1.7804371e-13	1.7991403e-15	1.2183953e-19	-1.8105371e-13	0.00039786648	-0.00037521197	0.9999328	2.6480384e-08	-2.4972595e-08	1
0	0.00018832437	-0.00017759704	0.999969	0	0	0.80500025	0.00018832437	-0.00017759706	0.9999689	-1.7804368e-13	1.799149e-15	1.1590955e-19	-1.8137218e-13	0.00037662368	-0.0003551705	0.9999379	2.5055297e-08	-2.3628104e-08	1
0	0.00017877803	-0.00016859078	0.99997115	0	0	0.85500133	0.00017877805	-0.00016859078	0.99997115	-1.7804367e-13	1.7991564e-15	1.1048911e-19	-1.8169067e-13	0.0003575323	-0.0003371591	0.9999422	2.3774547e-08	-2.2419814e-08	1
0	0.00017015048	-0.00016045134	0.99997306	0	0	0.9049992	0.00017015048	-0.00016045134	0.99997306	-1.7804367e-13	1.7991628e-15	1.0551521e-19	-1.8200918e-13	0.0003402784	-0.0003208813	0.9999461	2.261707e-08	-2.1327823e-08	1
0	0.00016232229	-0.00015306624	0.9999748	0	0	0.95500135	0.0001623223	-0.00015306624	0.9999748	-1.7804366e-13	1.7991691e-15	1.0093525e-19	-1.8232768e-13	0.000324623	-0.00030611214	0.99994963	2.1566846e-08	-2.033705e-08	1
