# t (s)	mx ()	my ()	mz ()	B_extx (T)	B_exty (T)	B_extz (T)	mx ()	my ()	mz ()	E_anis (J)	E_demag (J)	E_exch (J)	E_total (J)	m_zrange1_x ()	m_zrange1_y ()	m_zrange1_z ()	m_zrange0_x ()	m_zrange0_y ()	m_zrange0_z ()
0	0	0	1	0	0	1	0	0	1	-1.7804318e-13	2.221299e-15	-0	-1.8289977e-13	0	0	1	0	0	1
0	0.0001671934	-0.00015766965	0.99997395	0	0	0.94999886	0.00016719342	-0.00015766965	0.99997395	-1.7804366e-13	2.2211923e-15	1.02894974e-19	-1.8254617e-13	0.0003343646	-0.00031531835	0.9999478	2.2221002e-08	-2.0955238e-08	1
0	0.00017648918	-0.0001664397	0.99997187	0	0	0.900001	0.00017648918	-0.0001664397	0.99997187	-1.7804367e-13	2.2211838e-15	1.08209674e-19	-1.8219229e-13	0.0003529549	-0.00033285725	0.99994373	2.3468157e-08	-2.213186e-08	1
0	0.00018687862	-0.00017624159	0.99996954	0	0	0.849999	0.00018687862	-0.00017624158	0.9999695	-1.7804368e-13	2.2211734e-15	1.140492e-19	-1.818384e-13	0.0003737324	-0.00035245973	0.9999391	2.4862059e-08	-2.3446932e-08	1
0	0.00019856746	-0.00018726932	0.9999668	0	0	0.8000007	0.00019856746	-0.00018726935	0.9999668	-1.7804371e-13	2.2211624e-15	1.2049524e-19	-1.8148455e-13	0.0003971085	-0.00037451374	0.9999336	2.6430312e-08	-2.4926479e-08	1
0	0.00021181625	-0.00019976869	0.99996376	0	0	0.75	0.00021181624	-0.00019976869	0.99996376	-1.7804371e-13	2.221149e-15	1.2764788e-19	-1.8113065e-13	0.00042360433	-0.00039951078	0.9999274	2.820787e-08	-2.6603484e-08	1
0	0.0002269577	-0.00021405348	0.99996006	0	0	0.69999945	0.00022695771	-0.00021405348	0.99996006	-1.7804374e-13	2.2211336e-15	1.3563066e-19	-1.807768e-13	0.00045388512	-0.0004280784	0.9999201	3.0239377e-08	-2.8520056e-08	1
0	0.00024442986	-0.00023053636	0.99995583	0	0	0.6500008	0.00024442983	-0.00023053636	0.99995583	-1.7804375e-13	2.2211152e-15	1.4459878e-19	-1.8042291e-13	0.00048882706	-0.000461042	0.9999116	3.258361e-08	-3.073155e-08	1
0	0.00026481334	-0.00024976474	0.99995077	0	0	0.59999925	0.00026481334	-0.00024976477	0.99995077	-1.7804375e-13	2.2210936e-15	1.5474971e-19	-1.8006903e-13	0.00052959134	-0.0004994962	0.9999015	3.531848e-08	-3.3311437e-08	1
0	0.0002889036	-0.00027248773	0.9999447	0	0	0.5499998	0.0002889036	-0.00027248776	0.9999447	-1.7804376e-13	2.2210678e-15	1.6633951e-19	-1.7971516e-13	0.00057776866	-0.0005449391	0.9998894	3.8550702e-08	-3.6360213e-08	1
0	0.00031781488	-0.00029975452	0.99993724	0	0	0.5	0.00031781488	-0.00029975455	0.99993724	-1.7804376e-13	2.2210358e-15	1.7970699e-19	-1.7936127e-13	0.0006355873	-0.00059946906	0.9998745	4.2429793e-08	-4.001867e-08	1
0	0.00035315193	-0.00033307532	0.99992806	0	0	0.4500005	0.00035315196	-0.00033307532	0.999928	-1.7804376e-13	2.2209964e-15	1.9531091e-19	-1.7900739e-13	0.0007062568	-0.00066610606	0.999856	4.717107e-08	-4.4489433e-08	1
0	0.0003973146	-0.0003747057	0.9999162	0	0	0.40000036	0.0003973146	-0.00037470568	0.99991626	-1.7804376e-13	2.2209452e-15	2.137913e-19	-1.7865352e-13	0.00079457613	-0.0007493613	0.99983233	5.3096542e-08	-5.007515e-08	1
0	0.00045409385	-0.0004282057	0.9999007	0	0	0.34999973	0.00045409388	-0.0004282057	0.9999007	-1.7804376e-13	2.2208785e-15	2.3607396e-19	-1.7829966e-13	0.00090812705	-0.00085635425	0.9998014	6.0714854e-08	-5.7253516e-08	1
0	0.00052980514	-0.00049949775	0.99987954	0	0	0.29999962	0.0005298051	-0.00049949775	0.99987966	-1.7804376e-13	2.2207878e-15	2.635588e-19	-1.7794582e-13	0.0010595394	-0.0009989287	0.9997592	7.08734e-08	-6.681917e-08	1
0	0.00063580344	-0.0005992028	0.9998495	0	0	0.25	0.00063580344	-0.00059920276	0.9998495	-1.7804372e-13	2.2206578e-15	2.9848833e-19	-1.7759196e-13	0.0012715218	-0.0011983253	0.99969906	8.509575e-08	-8.0197225e-08	1
0	0.0008151433	-0.0007675827	0.9997975	0	0	0.19499981	0.0008151433	-0.0007675827	0.9997976	-1.7804364e-13	2.2204323e-15	3.5024e-19	-1.7720276e-13	0.0016301776	-0.0015350624	0.99959505	1.0915879e-07	-1.0278993e-07	1
0	0.00083660934	-0.00078770495	0.99979126	0	0	0.19000006	0.0008366094	-0.00078770495	0.99979126	-1.7804362e-13	2.220405e-15	3.559208e-19	-1.7716738e-13	0.0016731067	-0.0015753044	0.9995825	1.1203901e-07	-1.0548989e-07	1
0	0.00085921417	-0.000808891	0.99978465	0	0	0.18499996	0.0008592141	-0.000808891	0.99978465	-1.7804359e-13	2.2203764e-15	3.618058e-19	-1.7713198e-13	0.0017183131	-0.0016176737	0.9995693	1.1507203e-07	-1.0833258e-07	1
0	0.00088309427	-0.0008312659	0.9997776	0	0	0.18000017	0.00088309427	-0.0008312659	0.9997776	-1.7804356e-13	2.220346e-15	3.6790745e-19	-1.7709659e-13	0.0017660701	-0.0016624203	0.99955535	1.18276155e-07	-1.1133477e-07	1
0	0.0009083032	-0.0008548779	0.9997703	0	0	0.17499986	0.0009083032	-0.00085487776	0.99977034	-1.7804353e-13	2.2203137e-15	3.7423843e-19	-1.7706119e-13	0.0018164848	-0.0017096412	0.9995405	1.2165859e-07	-1.14502974e-07	1
0	0.00093502545	-0.00087989715	0.9997623	0	0	0.17000006	0.00093502545	-0.0008798971	0.9997623	-1.7804353e-13	2.2202798e-15	3.808142e-19	-1.7702583e-13	0.0018699256	-0.0017596765	0.9995248	1.2524407e-07	-1.1786001e-07	1
0	0.0009633408	-0.00090639846	0.9997541	0	0	0.1650002	0.0009633408	-0.0009063984	0.9997541	-1.7804352e-13	2.2202434e-15	3.8765023e-19	-1.7699046e-13	0.0019265526	-0.0018126755	0.9995081	1.2904331e-07	-1.2141588e-07	1
0	0.0009934646	-0.0009345792	0.99974513	0	0	0.15999989	0.0009934646	-0.00093457924	0.99974513	-1.780435e-13	2.2202046e-15	3.9476443e-19	-1.7695506e-13	0.0019867958	-0.0018690333	0.99949026	1.3308518e-07	-1.251971e-07	1
0	0.0010254857	-0.0009645234	0.99973565	0	0	0.15500008	0.0010254856	-0.0009645234	0.9997356	-1.7804345e-13	2.2201636e-15	4.0217586e-19	-1.7691966e-13	0.0020508338	-0.0019289175	0.99947137	1.3738165e-07	-1.2921494e-07	1
0	0.0010596219	-0.00099643	0.9997256	0	0	0.14999981	0.0010596219	-0.0009964302	0.9997256	-1.7804343e-13	2.2201197e-15	4.0990643e-19	-1.7688429e-13	0.0021191018	-0.0019927265	0.99945116	1.419619e-07	-1.334961e-07	1
0	0.0010961485	-0.0010305528	0.99971473	0	0	0.14500023	0.0010961485	-0.0010305528	0.9997147	-1.7804341e-13	2.220073e-15	4.1797904e-19	-1.7684892e-13	0.0021921503	-0.0020609675	0.9994295	1.4686292e-07	-1.3807461e-07	1
0	0.0011353657	-0.0010671685	0.99970317	0	0	0.14000009	0.0011353655	-0.0010671685	0.99970317	-1.780434e-13	2.220022e-15	4.2641952e-19	-1.7681353e-13	0.002270579	-0.0021341941	0.9994062	1.521249e-07	-1.4298764e-07	1
0	0.0011774322	-0.0011064238	0.99969065	0	0	0.13500017	0.0011774324	-0.0011064238	0.99969065	-1.7804333e-13	2.2199675e-15	4.352585e-19	-1.7677813e-13	0.0023547069	-0.0022126995	0.99938124	1.5776925e-07	-1.4825486e-07	1
0	0.0012226724	-0.0011486142	0.9996772	0	0	0.13000007	0.0012226725	-0.0011486143	0.9996772	-1.7804329e-13	2.2199088e-15	4.4452665e-19	-1.7674278e-13	0.0024451814	-0.0022970745	0.99935436	1.638394e-07	-1.5391586e-07	1
0	0.0012715696	-0.0011941844	0.99966264	0	0	0.125	0.0012715696	-0.0011941844	0.99966264	-1.7804325e-13	2.2198453e-15	4.542618e-19	-1.7670742e-13	0.0025429688	-0.0023882089	0.9993253	1.7040021e-07	-1.6003035e-07	1
0	0.001324538	-0.0012435139	0.9996469	0	0	0.11999989	0.0013245381	-0.0012435139	0.9996469	-1.780432e-13	2.2197765e-15	4.645044e-19	-1.76672e-13	0.0026488984	-0.002486861	0.99929374	1.775073e-07	-1.6664927e-07	1
0	0.0013820676	-0.0012970485	0.99962974	0	0	0.11499984	0.0013820675	-0.0012970486	0.99962974	-1.7804317e-13	2.2197015e-15	4.753018e-19	-1.7663665e-13	0.0027639496	-0.0025939236	0.99925935	1.8522638e-07	-1.7383246e-07	1
0	0.0014448345	-0.0013554102	0.99961096	0	0	0.10999988	0.0014448346	-0.0013554101	0.99961096	-1.7804309e-13	2.2196204e-15	4.867064e-19	-1.7660125e-13	0.0028894756	-0.0027106388	0.99922204	1.9364822e-07	-1.8166328e-07	1
0	0.0015136582	-0.0014193486	0.99959046	0	0	0.10499983	0.0015136582	-0.0014193488	0.99959046	-1.7804305e-13	2.2195306e-15	4.987796e-19	-1.7656589e-13	0.0030271136	-0.0028385073	0.999181	2.028827e-07	-1.9024243e-07	1
0	0.0015893357	-0.0014895855	0.9995679	0	0	0.10000009	0.0015893357	-0.0014895855	0.9995679	-1.7804295e-13	2.219432e-15	5.1159084e-19	-1.7653052e-13	0.0031784587	-0.0029789715	0.9991358	2.1303683e-07	-1.9966666e-07	1
0	0.0016732487	-0.0015673831	0.99954283	0	0	0.09500003	0.0016732487	-0.0015673831	0.99954283	-1.7804287e-13	2.2193229e-15	5.2522464e-19	-1.7649513e-13	0.003346273	-0.003134556	0.9990859	2.2429592e-07	-2.1010536e-07	1
0	0.0017660186	-0.0016532948	0.9995151	0	0	0.090000086	0.0017660188	-0.001653295	0.9995152	-1.7804277e-13	2.219202e-15	5.397692e-19	-1.7645973e-13	0.0035318006	-0.0033063684	0.9990304	2.3674346e-07	-2.2163286e-07	1
0	0.0018696734	-0.0017491713	0.9994841	0	0	0.08500003	0.0018696733	-0.0017491712	0.9994842	-1.7804272e-13	2.2190658e-15	5.553389e-19	-1.764244e-13	0.003739096	-0.0034981081	0.99896836	2.5065142e-07	-2.3449734e-07	1
0	0.0019868282	-0.0018573968	0.9994493	0	0	0.079999946	0.0019868282	-0.0018573968	0.9994493	-1.7804257e-13	2.2189133e-15	5.7207113e-19	-1.7638901e-13	0.0039733895	-0.0037145442	0.9988986	2.6637076e-07	-2.490188e-07	1
0	0.0021192024	-0.001979498	0.9994098	0	0	0.074999906	0.0021192024	-0.0019794982	0.9994098	-1.7804245e-13	2.218741e-15	5.9011923e-19	-1.7635363e-13	0.0042381207	-0.003958731	0.9988196	2.8413226e-07	-2.6540212e-07	1
0	0.0022707868	-0.0021190813	0.9993646	0	0	0.070000045	0.0022707866	-0.0021190816	0.9993646	-1.7804227e-13	2.2185432e-15	6.0968495e-19	-1.7631826e-13	0.0045412686	-0.004237879	0.9987294	3.0447123e-07	-2.841311e-07	1
0	0.002445941	-0.002280108	0.99931264	0	0	0.065000035	0.002445941	-0.0022801077	0.99931264	-1.780421e-13	2.218315e-15	6.3100186e-19	-1.762829e-13	0.0048915544	-0.004559909	0.99862534	3.2797274e-07	-3.0573725e-07	1
0	0.0026495573	-0.0024668984	0.999252	0	0	0.059999947	0.002649557	-0.0024668984	0.999252	-1.7804187e-13	2.21805e-15	6.543703e-19	-1.7624751e-13	0.005298759	-0.0049334667	0.9985041	3.5529314e-07	-3.3080045e-07	1
0	0.0028904928	-0.0026874228	0.9991805	0	0	0.05499994	0.0028904928	-0.002687423	0.9991805	-1.7804161e-13	2.2177364e-15	6.8017764e-19	-1.7621215e-13	0.0057805977	-0.0053744856	0.99836105	3.876209e-07	-3.603899e-07	1
0	0.003179792	-0.0029514784	0.9990947	0	0	0.050000045	0.003179792	-0.0029514784	0.9990947	-1.7804131e-13	2.2173603e-15	7.0893023e-19	-1.7617681e-13	0.006359157	-0.005902561	0.99818945	4.2643785e-07	-3.9582017e-07	1
0	0.0035338982	-0.0032737218	0.99899006	0	0	0.045000043	0.003533898	-0.0032737218	0.9989901	-1.780409e-13	2.2169014e-15	7.4129233e-19	-1.7614145e-13	0.007067322	-0.006547004	0.9979801	4.7395042e-07	-4.39058e-07	1
0	0.003977095	-0.0036755488	0.9988594	0	0	0.039999973	0.003977095	-0.0036755488	0.99885935	-1.780404e-13	2.2163278e-15	7.781966e-19	-1.761061e-13	0.007953657	-0.007350604	0.9977188	5.334166e-07	-4.929741e-07	1
0	0.004549768	-0.004192367	0.9986915	0	0	0.035000023	0.004549768	-0.004192367	0.9986914	-1.7803977e-13	2.2155909e-15	8.209975e-19	-1.7607076e-13	0.009098926	-0.008384172	0.9973829	6.1025537e-07	-5.6231937e-07	1
0	0.00530731	-0.004872302	0.99846846	0	0	0.029999973	0.00530731	-0.004872302	0.9984684	-1.7803889e-13	2.2146127e-15	8.716706e-19	-1.760354e-13	0.010613909	-0.00974395	0.99693686	7.118991e-07	-6.53551e-07	1
0	0.0063870167	-0.00583345	0.99815476	0	0	0.025000023	0.0063870163	-0.0058334502	0.99815476	-1.7803762e-13	2.2132363e-15	9.336594e-19	-1.7600008e-13	0.012773176	-0.011666117	0.99630946	8.567692e-07	-7.8251475e-07	1
0	0.008025831	-0.0072759595	0.99768144	0	0	0.019999987	0.008025831	-0.0072759595	0.99768144	-1.7803571e-13	2.2111615e-15	1.0129052e-18	-1.7596477e-13	0.016050585	-0.014550944	0.9953629	1.0766576e-06	-9.76066e-07	1
0	0.010785313	-0.00966544	0.9968823	0	0	0.014999987	0.010785313	-0.00966544	0.9968823	-1.7803241e-13	2.2076635e-15	1.1216446e-18	-1.7592945e-13	0.021569181	-0.019329583	0.99376464	1.4469109e-06	-1.2966775e-06	1
0	0.016681561	-0.014637174	0.9951638	0	0	0.009999993	0.016681561	-0.014637174	0.9951638	-1.7802525e-13	2.20017e-15	1.2945944e-18	-1.7589422e-13	0.033360884	-0.029272389	0.99032766	2.2380377e-06	-1.9637632e-06	1
0	0.031303618	-0.026719477	0.98967314	0	0	0.0049999966	0.031303618	-0.026719477	0.98967314	-1.7800232e-13	2.1766104e-15	1.649436e-18	-1.7585908e-13	0.06260304	-0.05343537	0.9793462	4.199932e-06	-3.5848993e-06	1
0	0.034061354	-0.029042339	0.98804855	0	0	-9.887924e-17	0.034061354	-0.029042339	0.98804855	-1.7799568e-13	2.1697594e-15	1.7802147e-18	-1.7582413e-13	0.06811814	-0.058080785	0.9760972	4.569957e-06	-3.8965786e-06	1
0	0.034632303	-0.029524453	0.9876801	0	0	-0.0049999966	0.034632303	-0.029524453	0.9876801	-1.7799416e-13	2.1682116e-15	1.813319e-18	-1.7578918e-13	0.069259964	-0.059044946	0.97536016	4.646576e-06	-3.961277e-06	1
0	0.03547226	-0.030235294	0.9871129	0	0	-0.009999993	0.03547226	-0.030235294	0.9871129	-1.7799186e-13	2.1658344e-15	1.8653977e-18	-1.7575428e-13	0.07093976	-0.06046654	0.97422576	4.759292e-06	-4.0566674e-06	1
0	0.036527812	-0.0311292	0.9863737	0	0	-0.014999987	0.036527812	-0.0311292	0.9863737	-1.7798886e-13	2.1627457e-15	1.9317225e-18	-1.7571947e-13	0.07305072	-0.062254224	0.97274745	4.900937e-06	-4.176622e-06	1
0	0.03777237	-0.032183263	0.9854701	0	0	-0.019999987	0.03777237	-0.032183263	0.9854701	-1.7798519e-13	2.1589826e-15	2.0100871e-18	-1.7568469e-13	0.07553967	-0.06436221	0.97094023	5.0679446e-06	-4.31807e-06	1
0	0.039102152	-0.033309337	0.9844677	0	0	-0.025000023	0.039102152	-0.033309337	0.9844677	-1.7798116e-13	2.1548256e-15	2.094022e-18	-1.7565005e-13	0.07819906	-0.06661421	0.9689353	5.2463924e-06	-4.469184e-06	1
0	0.040818997	-0.03476262	0.9831185	0	0	-0.029999973	0.040818997	-0.03476262	0.9831185	-1.7797574e-13	2.1492603e-15	2.2020201e-18	-1.7561553e-13	0.08163251	-0.06952058	0.96623695	5.4767806e-06	-4.664207e-06	1
0	0.044507407	-0.03788032	0.98002124	0	0	-0.035000023	0.0445074	-0.03788032	0.9800213	-1.779634e-13	2.1366133e-15	2.4255157e-18	-1.7558158e-13	0.08900883	-0.07575557	0.9600425	5.9717318e-06	-5.082583e-06	1
0	0.05071574	-0.043110974	0.9741745	0	0	-0.039999973	0.050715737	-0.043110974	0.9741745	-1.779405e-13	2.1132333e-15	2.775326e-18	-1.7554869e-13	0.10142467	-0.086216174	0.9483491	6.8048557e-06	-5.784524e-06	1
0	-0.003374215	0.00076486263	0.27080426	0	0	-0.045000043	-0.0033742147	0.00076486263	0.27080426	-1.776972e-13	1.8614544e-15	-3.9122586e-17	-1.7578861e-13	-0.0067479764	0.0015296227	-0.4583915	-4.530058e-07	1.0271166e-07	1
0	-0.002879834	0.000455506	0.2516761	0	0	-0.050000045	-0.002879834	0.000455506	0.2516761	-1.7771708e-13	1.8815691e-15	-3.3150133e-17	-1.7577958e-13	-0.0057592816	0.00091095094	-0.49664775	-3.8665775e-07	6.118492e-08	1
0	-0.0026125398	0.00014855902	0.23632565	0	0	-0.05499994	-0.0026125396	0.00014855903	0.23632565	-1.7773349e-13	1.8983148e-15	-2.7883206e-17	-1.7577106e-13	-0.005224729	0.000297098	-0.52734876	-3.5079037e-07	1.9977263e-08	1
0	-0.002370113	-0.00015411235	0.2236639	0	0	-0.059999947	-0.002370113	-0.00015411233	0.2236639	-1.7774733e-13	1.9124628e-15	-2.3176032e-17	-1.7576304e-13	-0.004739908	-0.00030820392	-0.55267227	-3.182584e-07	-2.0658472e-08	1
0	-0.0021328493	-0.0004932883	0.21234445	0	0	-0.065000035	-0.0021328493	-0.0004932883	0.21234445	-1.7776e-13	1.9254666e-15	-1.8718176e-17	-1.7575557e-13	-0.004265412	-0.0009865103	-0.57531106	-2.864167e-07	-6.6198226e-08	1
0	-0.0019596233	-0.000863628	0.20173901	0	0	-0.070000045	-0.0019596233	-0.000863628	0.20173901	-1.777722e-13	1.9379574e-15	-1.435627e-17	-1.7574864e-13	-0.0039189835	-0.00172714	-0.596522	-2.63166e-07	-1.1592735e-07	1
0	-0.0018754841	-0.0012055797	0.19199803	0	0	-0.074999906	-0.0018754841	-0.0012055796	0.19199803	-1.7778357e-13	1.9496043e-15	-1.0196698e-17	-1.7574223e-13	-0.0037507166	-0.0024109976	-0.61600393	-2.5187842e-07	-1.6185301e-07	1
0	-0.0017122396	-0.0015753777	0.17800076	0	0	-0.079999946	-0.0017122396	-0.0015753778	0.17800076	-1.7780074e-13	1.9672076e-15	-4.4532306e-18	-1.7573718e-13	-0.0034242491	-0.003150544	-0.6439985	-2.2997526e-07	-2.1153323e-07	1
0	-0.001558706	-0.0017116204	0.17154516	0	0	-0.08500003	-0.0015587059	-0.0017116204	0.17154516	-1.7780807e-13	1.9748023e-15	-1.5920502e-18	-1.7573165e-13	-0.0031172023	-0.0034230112	-0.6569097	-2.0937904e-07	-2.2983235e-07	1
0	-0.0006993315	-0.0021306984	0.1566143	0	0	-0.090000086	-0.0006993316	-0.0021306984	0.1566143	-1.7782679e-13	1.9940005e-15	4.5542286e-18	-1.7572846e-13	-0.0013985691	-0.004261111	-0.6867714	-9.39672e-08	-2.861282e-07	1
0	-0.00054117315	-0.0027751254	0.1446754	0	0	-0.09500003	-0.0005411731	-0.0027751254	0.1446754	-1.7784096e-13	2.0086205e-15	9.4209254e-18	-1.7572564e-13	-0.0010822733	-0.0055498783	-0.7106492	-7.2708644e-08	-3.7268973e-07	1
0	-0.0005125593	-0.0029988282	0.13944787	0	0	-0.10000009	-0.0005125594	-0.0029988282	0.13944787	-1.7784675e-13	2.014656e-15	1.1842263e-17	-1.7572158e-13	-0.0010250498	-0.0059972536	-0.7211043	-6.886915e-08	-4.027482e-07	1
0	-0.00053716305	-0.0033326703	0.13282715	0	0	-0.10499983	-0.00053716305	-0.0033326703	0.13282715	-1.7785411e-13	2.022295e-15	1.5032606e-17	-1.7571806e-13	-0.001074254	-0.0066648936	-0.73434573	-7.216171e-08	-4.4759693e-07	1
0	-0.00060532487	-0.0036234178	0.12781146	0	0	-0.10999988	-0.00060532487	-0.003623418	0.12781149	-1.7785938e-13	2.0278132e-15	1.753516e-17	-1.7571453e-13	-0.0012105686	-0.00724635	-0.744377	-8.131714e-08	-4.8666203e-07	1
0	-0.0006367342	-0.0038527162	0.12381531	0	0	-0.11499984	-0.0006367342	-0.0038527162	0.12381532	-1.7786346e-13	2.0320566e-15	1.9621381e-17	-1.7571101e-13	-0.001273383	-0.007704915	-0.75236934	-8.55539e-08	-5.174833e-07	1
0	-0.000612029	-0.00405161	0.11994094	0	0	-0.11999989	-0.00061202893	-0.00405161	0.11994094	-1.7786736e-13	2.036137e-15	2.171067e-17	-1.7570765e-13	-0.0012239759	-0.008102676	-0.76011807	-8.2262936e-08	-5.442316e-07	1
0	-0.0005290713	-0.004228454	0.115814105	0	0	-0.125	-0.00052907126	-0.0042284536	0.115814105	-1.778716e-13	2.0405214e-15	2.3969335e-17	-1.7570463e-13	-0.0010580716	-0.00845634	-0.7683719	-7.114191e-08	-5.6802867e-07	1
0	-0.00043385514	-0.004355824	0.111946546	0	0	-0.13000007	-0.0004338551	-0.004355824	0.111946546	-1.7787559e-13	2.04469e-15	2.6098005e-17	-1.757018e-13	-0.00086765166	-0.008711063	-0.7761069	-5.835079e-08	-5.8518594e-07	1
0	-0.00044227808	0.0014584707	0.009410069	0	0	-0.13500017	-0.00044227808	0.0014584708	0.009410069	-1.780217e-13	2.1964793e-15	4.9469232e-17	-1.7576674e-13	-0.00088449655	0.0029167454	-0.98117983	-5.9596125e-08	1.9597825e-07	1
0	-0.0001985968	0.0014809171	0.008082691	0	0	-0.14000009	-0.0001985968	0.0014809171	0.00808269	-1.780253e-13	2.2001238e-15	4.8611793e-17	-1.7576857e-13	-0.0003971668	0.0029616354	-0.9838346	-2.6793689e-08	1.989686e-07	1
0	0.00015658197	0.0015782076	0.0052915765	0	0	-0.14500023	0.00015658197	0.0015782076	0.005291577	-1.7803132e-13	2.206253e-15	4.851757e-17	-1.7577111e-13	0.0003131429	0.0031562035	-0.98941684	2.1044709e-08	2.1209704e-07	1
0	0.00014612221	0.0015650805	0.0050081536	0	0	-0.14999981	0.00014612221	0.0015650807	0.0050081536	-1.7803185e-13	2.2068143e-15	4.860454e-17	-1.7577113e-13	0.00029222475	0.0031299507	-0.9899837	1.9660368e-08	2.1035994e-07	1
0	0.00010927701	0.0015327167	0.0046693026	0	0	-0.15500008	0.00010927702	0.0015327167	0.0046693026	-1.7803256e-13	2.2075464e-15	4.8700394e-17	-1.7577118e-13	0.00021853928	0.0030652273	-0.9906613	1.4741291e-08	2.0604035e-07	1
0	-0.0010453829	0.0009523087	0.0023835986	0	0	-0.15999989	-0.0010453828	0.0009523087	0.0023835986	-1.7803828e-13	2.213276e-15	5.0124094e-17	-1.7577217e-13	-0.0020906255	0.0019044894	-0.9952328	-1.405099e-07	1.2799946e-07	1
0	-0.0010123628	0.0009251266	0.0022125973	0	0	-0.1650002	-0.0010123628	0.00092512654	0.0022125973	-1.7803864e-13	2.2136785e-15	5.0297263e-17	-1.7577208e-13	-0.0020245893	0.0018501288	-0.99557483	-1.3607847e-07	1.2435218e-07	1
0	-0.00098182	0.0008996199	0.00205292	0	0	-0.17000006	-0.00098182	0.0008996199	0.00205292	-1.78039e-13	2.2140569e-15	5.0463947e-17	-1.7577201e-13	-0.001963508	0.0017991189	-0.99589413	-1.3197968e-07	1.2092976e-07	1
0	-0.00095328083	0.0008756955	0.0019041977	0	0	-0.17499986	-0.00095328083	0.00087569543	0.0019041977	-1.7803935e-13	2.214412e-15	5.0623847e-17	-1.7577195e-13	-0.0019064335	0.0017512733	-0.9961916	-1.2814978e-07	1.1771969e-07	1
0	-0.0009263273	0.0008531503	0.001765756	0	0	-0.18000017	-0.0009263273	0.00085315027	0.001765756	-1.7803966e-13	2.2147453e-15	5.0777034e-17	-1.7577187e-13	-0.00185253	0.0017061858	-0.9964684	-1.2453269e-07	1.1469472e-07	1
0	-0.0009007731	0.00083180924	0.001635684	0	0	-0.18499996	-0.0009007731	0.00083180924	0.001635684	-1.7803994e-13	2.21506e-15	5.092517e-17	-1.7577182e-13	-0.001801425	0.0016635066	-0.99672866	-1.2110335e-07	1.1183134e-07	1
0	-0.00087658374	0.00081157056	0.0015112087	0	0	-0.19000006	-0.00087658374	0.00081157056	0.0015112085	-1.7804024e-13	2.215363e-15	5.1071273e-17	-1.7577178e-13	-0.0017530497	0.001623032	-0.9969775	-1.17857205e-07	1.0911589e-07	1
0	-0.00085385866	0.0007924674	0.0013879652	0	0	-0.19499981	-0.00085385866	0.0007924674	0.0013879652	-1.7804054e-13	2.2156643e-15	5.1220843e-17	-1.7577174e-13	-0.0017076025	0.001584828	-0.9972241	-1.1480757e-07	1.0655284e-07	1
0	-0.0008134908	0.00075942127	0.0011281276	0	0	-0.20499994	-0.00081349077	0.00075942127	0.0011281276	-1.7804116e-13	2.2163017e-15	5.1554637e-17	-1.7577164e-13	-0.0016268723	0.0015187404	-0.9977438	-1.0939087e-07	1.0211985e-07	1
0	-0.0006945234	0.00064988167	0.00083858834	0	0	-0.25499967	-0.00069452333	0.00064988167	0.00083858834	-1.7804181e-13	2.2170736e-15	5.187013e-17	-1.7577136e-13	-0.0013889533	0.001299676	-0.99832284	-9.3455895e-08	8.7448115e-08	1
0	-0.00065120024	0.00061016553	0.00072787143	0	0	-0.30500022	-0.00065120024	0.00061016553	0.0007278714	-1.7804207e-13	2.2173705e-15	5.1975973e-17	-1.7577114e-13	-0.0013023127	0.0012202489	-0.9985443	-8.770247e-08	8.21742e-08	1
0	-0.00061561656	0.0005793906	0.0006364839	0	0	-0.3549996	-0.0006156165	0.0005793906	0.0006364839	-1.7804225e-13	2.21761e-15	5.1867424e-17	-1.7577117e-13	-0.00123115	0.0011587031	-0.998727	-8.300285e-08	7.81001e-08	1
0	-0.0004052968	0.00038222724	8.5981024e-05	0	0	-0.40499973	-0.00040529677	0.00038222724	8.5981024e-05	-1.7804376e-13	2.2192123e-15	4.739481e-17	-1.7577691e-13	-0.00081053894	0.00076440297	-0.99982804	-5.4610748e-08	5.1502276e-08	1
0	-0.00035943606	0.00033900124	7.3679716e-05	0	0	-0.45500082	-0.00035943606	0.00033900124	7.367971e-05	-1.7804376e-13	2.219265e-15	4.7376958e-17	-1.7577689e-13	-0.00071882363	0.0006779567	-0.9998527	-4.8455828e-08	4.570099e-08	1
0	-0.000322898	0.0003045491	6.40705e-05	0	0	-0.5050003	-0.000322898	0.0003045491	6.4070504e-05	-1.7804376e-13	2.2193066e-15	4.7361864e-17	-1.7577686e-13	-0.0006457525	0.0006090571	-0.99987185	-4.3552124e-08	4.1077243e-08	1
0	-0.00029309906	0.0002764453	5.6382567e-05	0	0	-0.55500025	-0.00029309903	0.00027644527	5.6382567e-05	-1.7804376e-13	2.2193392e-15	4.7348904e-17	-1.7577686e-13	-0.0005861585	0.0005528533	-0.99988717	-3.955288e-08	3.73055e-08	1
0	-0.00026833423	0.0002530862	5.011631e-05	0	0	-0.60500026	-0.00026833423	0.0002530862	5.0116305e-05	-1.7804375e-13	2.219366e-15	4.7337647e-17	-1.7577683e-13	-0.00053663226	0.00050613825	-0.99989974	-3.622927e-08	3.4170554e-08	1
0	-0.00024742537	0.00023336234	4.492217e-05	0	0	-0.6549993	-0.00024742537	0.00023336234	4.4922177e-05	-1.7804375e-13	2.2193885e-15	4.7327784e-17	-1.7577682e-13	-0.0004948173	0.00046669313	-0.9999101	-3.3423166e-08	3.1523484e-08	1
0	-0.00022953909	0.00021648892	4.055956e-05	0	0	-0.70500124	-0.00022953909	0.0002164889	4.0559564e-05	-1.7804374e-13	2.2194067e-15	4.731906e-17	-1.757768e-13	-0.00045904715	0.00043294852	-0.99991894	-3.1022733e-08	2.9258983e-08	1
0	-0.00021406329	0.00020188882	3.685107e-05	0	0	-0.7549992	-0.00021406329	0.00020188882	3.685107e-05	-1.7804371e-13	2.2194228e-15	4.7311283e-17	-1.7577678e-13	-0.0004280976	0.0004037503	-0.9999263	-2.8945813e-08	2.729958e-08	1
0	-0.00020054178	0.00018913229	3.366807e-05	0	0	-0.80500025	-0.00020054178	0.00018913229	3.366807e-05	-1.7804371e-13	2.219436e-15	4.730431e-17	-1.7577678e-13	-0.00040105643	0.000378239	-0.99993265	-2.7131183e-08	2.5587603e-08	1
0	-0.00018862513	0.00017788941	3.0907657e-05	0	0	-0.85500133	-0.00018862511	0.00017788941	3.0907657e-05	-1.7804368e-13	2.2194482e-15	4.729802e-17	-1.7577675e-13	-0.0003772247	0.00035575472	-0.9999382	-2.5531936e-08	2.4078776e-08	1
0	-0.00017804667	0.00016790928	2.8498864e-05	0	0	-0.9049992	-0.00017804666	0.00016790928	2.8498862e-05	-1.7804367e-13	2.2194584e-15	4.7292314e-17	-1.7577672e-13	-0.0003560692	0.0003357958	-0.99994296	-2.4112294e-08	2.2739425e-08	1
0	-0.00016859031	0.00015898772	2.6382793e-05	0	0	-0.95500135	-0.00016859031	0.00015898772	2.6382791e-05	-1.7804366e-13	2.2194673e-15	4.7287126e-17	-1.7577671e-13	-0.00033715775	0.0003179539	-0.99994725	-2.2843247e-08	2.154215e-08	1
0	-0.00016089862	0.00015173106	2.4684512e-05	0	0	-1	-0.00016089863	0.00015173107	2.4684512e-05	-1.7804366e-13	2.219474e-15	4.728283e-17	-1.7577672e-13	-0.0003217754	0.00030344154	-0.99995065	-2.1811033e-08	2.0568304e-08	1
0	-0.00016948636	0.00015983282	2.6581798e-05	0	0	-0.94999886	-0.00016948636	0.00015983284	2.6581796e-05	-1.7804366e-13	2.2194665e-15	4.7287623e-17	-1.7577671e-13	-0.0003389498	0.000319644	-0.9999468	-2.2963492e-08	2.1655552e-08	1
0	-0.0001790476	0.0001688534	2.8727205e-05	0	0	-0.900001	-0.0001790476	0.0001688534	2.8727205e-05	-1.7804367e-13	2.2194574e-15	4.729286e-17	-1.7577672e-13	-0.00035807097	0.00033768392	-0.99994254	-2.424662e-08	2.2866125e-08	1
0	-0.00018974868	0.00017894928	3.116778e-05	0	0	-0.849999	-0.00018974868	0.00017894928	3.1167776e-05	-1.7804368e-13	2.2194472e-15	4.7298614e-17	-1.7577675e-13	-0.0003794717	0.00035787435	-0.99993765	-2.5682713e-08	2.422101e-08	1
0	-0.00020181129	0.00019032974	3.396304e-05	0	0	-0.8000007	-0.00020181129	0.00019032974	3.3963035e-05	-1.7804371e-13	2.2194353e-15	4.7304967e-17	-1.7577678e-13	-0.00040359533	0.0003806337	-0.99993205	-2.7301553e-08	2.5748301e-08	1
0	-0.00021551075	0.00020325423	3.7197635e-05	0	0	-0.75	-0.00021551074	0.00020325424	3.719763e-05	-1.7804371e-13	2.2194216e-15	4.7312018e-17	-1.7577678e-13	-0.00043099234	0.00040648098	-0.9999256	-2.9140063e-08	2.7482816e-08	1
0	-0.00023120418	0.00021805952	4.096282e-05	0	0	-0.69999945	-0.00023120418	0.0002180595	4.096282e-05	-1.7804374e-13	2.2194048e-15	4.731988e-17	-1.7577682e-13	-0.0004623771	0.00043608958	-0.9999181	-3.1246195e-08	2.946976e-08	1
0	-0.00024936104	0.00023518821	4.5399942e-05	0	0	-0.6500008	-0.000249361	0.00023518821	4.539994e-05	-1.7804375e-13	2.2193864e-15	4.7328717e-17	-1.7577682e-13	-0.0004986884	0.0004703447	-0.99990916	-3.368294e-08	3.1768526e-08	1
0	-0.00027061068	0.00025523314	5.068907e-05	0	0	-0.59999925	-0.00027061068	0.00025523314	5.068907e-05	-1.7804375e-13	2.2193638e-15	4.733871e-17	-1.7577683e-13	-0.00054118485	0.0005104318	-0.9998986	-3.653477e-08	3.445868e-08	1
0	-0.0002958181	0.00027900934	5.708046e-05	0	0	-0.5499998	-0.00029581814	0.00027900934	5.708046e-05	-1.7804376e-13	2.2193364e-15	4.7350115e-17	-1.7577686e-13	-0.0005915963	0.000557981	-0.99988586	-3.9917794e-08	3.7649613e-08	1
0	-0.00032620292	0.0003076648	6.493263e-05	0	0	-0.5	-0.00032620292	0.0003076648	6.493263e-05	-1.7804376e-13	2.2193028e-15	4.736327e-17	-1.7577687e-13	-0.0006523619	0.00061528804	-0.9998702	-4.3995666e-08	4.1495387e-08	1
0	-0.0003635321	0.00034286117	7.4771444e-05	0	0	-0.4500005	-0.0003635321	0.00034286117	7.4771444e-05	-1.7804376e-13	2.2192606e-15	4.7378613e-17	-1.757769e-13	-0.0007270152	0.0006856761	-0.99985045	-4.9005546e-08	4.6219014e-08	1
0	-0.0004105049	0.00038713685	8.7398876e-05	0	0	-0.40000036	-0.0004105049	0.00038713685	8.7398876e-05	-1.7804376e-13	2.2192064e-15	4.7396774e-17	-1.7577691e-13	-0.00082095445	0.0007742215	-0.9998252	-5.530971e-08	5.2161184e-08	1
0	-0.00047140848	0.00044451427	0.00010410209	0	0	-0.34999973	-0.0004714085	0.00044451427	0.00010410209	-1.7804376e-13	2.2191344e-15	4.741866e-17	-1.7577695e-13	-0.00094275345	0.00088896864	-0.99979174	-6.3483526e-08	5.986172e-08	1
0	-0.00055351964	0.00052181544	0.00012707843	0	0	-0.29999962	-0.0005535197	0.0005218155	0.00012707843	-1.7804375e-13	2.219035e-15	4.744563e-17	-1.75777e-13	-0.0011069649	0.0010435608	-0.99974585	-7.4503646e-08	7.023622e-08	1
0	-0.0006702525	0.00063157734	0.00016038935	0	0	-0.25	-0.0006702525	0.00063157734	0.00016038935	-1.7804371e-13	2.2188913e-15	4.7479856e-17	-1.7577705e-13	-0.0013404149	0.0012630698	-0.9996792	-9.017036e-08	8.496725e-08	1
0	-0.0008726376	0.00082147506	0.00021927888	0	0	-0.19499981	-0.00087263755	0.00082147506	0.00021927887	-1.7804357e-13	2.2186362e-15	4.7530473e-17	-1.757771e-13	-0.0017451579	0.0016428398	-0.9995614	-1.17332526e-07	1.1045322e-07	1
0	-0.0008972317	0.0008445098	0.00022650616	0	0	-0.19000006	-0.00089723174	0.0008445098	0.00022650616	-1.7804355e-13	2.2186042e-15	4.7536022e-17	-1.757771e-13	-0.0017943427	0.001688906	-0.999547	-1.2063329e-07	1.1354465e-07	1
0	-0.00092331576	0.00086893514	0.00023417165	0	0	-0.18499996	-0.0009233159	0.0008689352	0.00023417163	-1.7804353e-13	2.2185714e-15	4.7541766e-17	-1.7577712e-13	-0.0018465075	0.0017377534	-0.9995317	-1.2413405e-07	1.1682276e-07	1
0	-0.0009509338	0.0008947882	0.00024230611	0	0	-0.18000017	-0.0009509338	0.0008947881	0.00024230611	-1.7804352e-13	2.2185364e-15	4.754772e-17	-1.7577713e-13	-0.0019017397	0.001789456	-0.99951535	-1.2784066e-07	1.2029247e-07	1
0	-0.0009801837	0.0009221586	0.00025094923	0	0	-0.17499986	-0.0009801838	0.0009221586	0.00025094923	-1.780435e-13	2.2184985e-15	4.7553895e-17	-1.7577713e-13	-0.0019602359	0.0018441933	-0.99949807	-1.317663e-07	1.239658e-07	1
0	-0.0010114539	0.0009514031	0.0002601645	0	0	-0.17000006	-0.0010114539	0.00095140317	0.0002601645	-1.7804345e-13	2.2184583e-15	4.756031e-17	-1.7577712e-13	-0.0020227719	0.0019026784	-0.99947965	-1.3596312e-07	1.278907e-07	1
0	-0.0010446804	0.0009824655	0.00026999152	0	0	-0.1650002	-0.0010446804	0.0009824655	0.00026999152	-1.7804344e-13	2.2184157e-15	4.7566975e-17	-1.7577714e-13	-0.0020892203	0.0019647987	-0.9994599	-1.4042247e-07	1.3205954e-07	1
0	-0.0010801633	0.0010156208	0.000280503	0	0	-0.15999989	-0.0010801633	0.0010156205	0.000280503	-1.7804343e-13	2.21837e-15	4.7573903e-17	-1.7577716e-13	-0.0021601815	0.0020311049	-0.99943894	-1.4518466e-07	1.3650927e-07	1
0	-0.0011181639	0.0010511104	0.00029176503	0	0	-0.15500008	-0.001118164	0.0010511104	0.00029176506	-1.780434e-13	2.2183208e-15	4.7581116e-17	-1.7577717e-13	-0.002236178	0.0021020796	-0.9994165	-1.5028476e-07	1.4127231e-07	1
0	-0.0011589079	0.001089141	0.0003038608	0	0	-0.14999981	-0.001158908	0.001089141	0.0003038608	-1.7804334e-13	2.2182685e-15	4.758864e-17	-1.7577716e-13	-0.0023176603	0.0021781356	-0.9993922	-1.5575301e-07	1.4637635e-07	1
0	-0.0012027277	0.0011300165	0.0003168818	0	0	-0.14500023	-0.0012027277	0.0011300165	0.00031688187	-1.780433e-13	2.2182116e-15	4.759649e-17	-1.7577717e-13	-0.0024052938	0.0022598815	-0.9993663	-1.6163409e-07	1.5186221e-07	1
0	-0.0012500442	0.0011741272	0.00033094597	0	0	-0.14000009	-0.0012500442	0.0011741272	0.00033094594	-1.7804328e-13	2.2181506e-15	4.7604694e-17	-1.7577719e-13	-0.0024999205	0.0023480966	-0.9993381	-1.6798447e-07	1.5778227e-07	1
0	-0.0013011837	0.0012217675	0.0003461727	0	0	-0.13500017	-0.0013011837	0.0012217675	0.0003461727	-1.7804322e-13	2.218084e-15	4.7613277e-17	-1.757772e-13	-0.0026021928	0.0024433709	-0.99930763	-1.7484794e-07	1.6417602e-07	1
0	-0.0013566555	0.0012734062	0.0003627065	0	0	-0.13000007	-0.0013566555	0.0012734062	0.0003627065	-1.7804318e-13	2.2180119e-15	4.7622264e-17	-1.7577721e-13	-0.0027131287	0.0025466413	-0.99927455	-1.8229284e-07	1.7110636e-07	1
0	-0.0014171579	0.0013296837	0.0003807326	0	0	-0.125	-0.0014171578	0.0013296836	0.0003807326	-1.7804313e-13	2.2179331e-15	4.7631697e-17	-1.7577721e-13	-0.0028341254	0.0026591888	-0.9992386	-1.904129e-07	1.7865929e-07	1
0	-0.0014834559	0.0013912944	0.00040046533	0	0	-0.11999989	-0.0014834559	0.0013912944	0.00040046533	-1.7804307e-13	2.2178476e-15	4.764162e-17	-1.7577724e-13	-0.0029667127	0.0027824016	-0.99919915	-1.9931089e-07	1.8692806e-07	1
0	-0.0015560325	0.0014586808	0.0004221195	0	0	-0.11499984	-0.0015560325	0.001458681	0.0004221195	-1.7804298e-13	2.2177527e-15	4.7652062e-17	-1.7577724e-13	-0.003111856	0.0029171656	-0.9991558	-2.0905142e-07	1.9597192e-07	1
0	-0.0016361106	0.0015329599	0.0004460137	0	0	-0.10999988	-0.0016361106	0.0015329599	0.00044601367	-1.7804291e-13	2.2176485e-15	4.766307e-17	-1.7577725e-13	-0.0032720014	0.003065714	-0.999108	-2.1979878e-07	2.0594085e-07	1
0	-0.0017246811	0.0016150327	0.000472485	0	0	-0.10499983	-0.0017246811	0.0016150327	0.00047248494	-1.7804284e-13	2.217533e-15	4.767471e-17	-1.7577728e-13	-0.0034491303	0.0032298486	-0.999055	-2.3168585e-07	2.1695573e-07	1
0	-0.0018238551	0.0017068117	0.00050203205	0	0	-0.10000009	-0.0018238551	0.0017068117	0.0005020321	-1.7804273e-13	2.2174041e-15	4.7687035e-17	-1.7577728e-13	-0.0036474653	0.003413394	-0.9989959	-2.4499613e-07	2.2927331e-07	1
0	-0.0019349462	0.0018094942	0.0005351545	0	0	-0.09500003	-0.0019349462	0.0018094942	0.0005351545	-1.7804261e-13	2.2172593e-15	4.7700128e-17	-1.7577731e-13	-0.0038696327	0.0036187451	-0.9989296	-2.599058e-07	2.4305427e-07	1
0	-0.002060292	0.0019251868	0.000572547	0	0	-0.090000086	-0.002060292	0.001925187	0.000572547	-1.780425e-13	2.2170956e-15	4.7714054e-17	-1.7577733e-13	-0.0041203075	0.0038501152	-0.9988549	-2.7672854e-07	2.5858128e-07	1
0	-0.0022029025	0.002056606	0.00061509147	0	0	-0.08500003	-0.0022029025	0.002056606	0.00061509147	-1.7804237e-13	2.21691e-15	4.772893e-17	-1.7577735e-13	-0.0044055087	0.0041129366	-0.9987698	-2.9586838e-07	2.7621888e-07	1
0	-0.0023673712	0.0022079095	0.0006639847	0	0	-0.079999946	-0.0023673712	0.0022079097	0.0006639846	-1.7804218e-13	2.2166958e-15	4.7744842e-17	-1.7577736e-13	-0.0047344244	0.004415523	-0.99867207	-3.1794195e-07	2.965253e-07	1
0	-0.0025577713	0.002382744	0.00072064984	0	0	-0.074999906	-0.0025577713	0.002382744	0.0007206498	-1.7804199e-13	2.2164478e-15	4.7761935e-17	-1.757774e-13	-0.005115199	0.0047651688	-0.9985587	-3.434957e-07	3.1998962e-07	1
0	-0.0027803509	0.0025866677	0.00078704907	0	0	-0.070000045	-0.0027803509	0.0025866677	0.00078704907	-1.7804173e-13	2.2161569e-15	4.7780368e-17	-1.757774e-13	-0.0055603287	0.0051729884	-0.9984259	-3.733681e-07	3.4735785e-07	1
0	-0.0030487464	0.0028319685	0.0008663492	0	0	-0.065000035	-0.0030487464	0.0028319685	0.0008663492	-1.7804145e-13	2.2158098e-15	4.7800306e-17	-1.7577743e-13	-0.006097083	0.0056635565	-0.9982673	-4.0938997e-07	3.8027972e-07	1
0	-0.0033711314	0.0031257477	0.0009620616	0	0	-0.059999947	-0.0033711314	0.0031257477	0.0009620616	-1.780411e-13	2.2153903e-15	4.7821975e-17	-1.7577748e-13	-0.0067418097	0.006251076	-0.9980759	-4.5265733e-07	4.1970745e-07	1
0	-0.0037737456	0.0034913863	0.0010806031	0	0	-0.05499994	-0.0037737456	0.0034913863	0.0010806031	-1.7804065e-13	2.2148707e-15	4.7845602e-17	-1.7577751e-13	-0.0075469837	0.0069823037	-0.99783874	-5.066928e-07	4.6877983e-07	1
0	-0.004284926	0.0039536636	0.0012308022	0	0	-0.050000045	-0.004284926	0.0039536636	0.0012308022	-1.7804005e-13	2.2142125e-15	4.7871496e-17	-1.7577754e-13	-0.008569277	0.007906796	-0.99753845	-5.7529905e-07	5.30822e-07	1
0	-0.004952649	0.004554501	0.001427115	0	0	-0.045000043	-0.004952649	0.004554501	0.0014271152	-1.7803929e-13	2.2133517e-15	4.7899935e-17	-1.7577758e-13	-0.009904633	0.009108389	-0.9971458	-6.6491464e-07	6.114599e-07	1
0	-0.0058770357	0.005380403	0.0016964005	0	0	-0.039999973	-0.0058770357	0.005380403	0.0016964006	-1.7803823e-13	2.2121714e-15	4.793114e-17	-1.7577763e-13	-0.011753282	0.010760083	-0.9966072	-7.889779e-07	7.223043e-07	1
0	-0.007224767	0.0065733	0.0020878352	0	0	-0.035000023	-0.0072247665	0.0065733	0.0020878352	-1.7803666e-13	2.210456e-15	4.7964964e-17	-1.7577771e-13	-0.014448564	0.013145717	-0.9958243	-9.698587e-07	8.8240307e-07	1
0	-0.009412855	0.008482021	0.0027162135	0	0	-0.029999973	-0.009412855	0.008482021	0.0027162135	-1.7803407e-13	2.2077052e-15	4.799957e-17	-1.757778e-13	-0.018824447	0.016962904	-0.99456763	-1.263526e-06	1.138574e-06	1
0	-0.013507929	0.011978956	0.0039004844	0	0	-0.025000023	-0.013507929	0.011978956	0.0039004844	-1.7802915e-13	2.2025338e-15	4.8025746e-17	-1.757779e-13	-0.027014045	0.023956304	-0.992199	-1.8131326e-06	1.6078993e-06	1
0	-0.023758264	0.020490915	0.00713851	0	0	-0.019999987	-0.023758266	0.020490916	0.00713851	-1.7801559e-13	2.1885131e-15	4.797553e-17	-1.757781e-13	-0.047513343	0.04097908	-0.985723	-3.1888376e-06	2.7502883e-06	1
0	-0.031910267	0.027302604	0.011186378	0	0	-0.014999987	-0.031910263	0.027302604	0.011186376	-1.7799881e-13	2.1712726e-15	4.7884318e-17	-1.7577846e-13	-0.06381625	0.054601546	-0.9776272	-4.2826323e-06	3.6642423e-06	1
0	-0.032856148	0.028096933	0.011763098	0	0	-0.009999993	-0.032856148	0.028096935	0.011763098	-1.7799645e-13	2.168843e-15	4.7881988e-17	-1.7577888e-13	-0.065707885	0.056190096	-0.9764738	-4.40915e-06	3.7704826e-06	1
0	-0.033559274	0.028690647	0.0122235045	0	0	-0.0049999966	-0.033559274	0.028690647	0.012223505	-1.7799457e-13	2.1669074e-15	4.788231e-17	-1.7577935e-13	-0.06711404	0.057377443	-0.97555304	-4.5030697e-06	3.8497824e-06	1
0	-0.03450037	0.029487167	0.012867549	0	0	9.887924e-17	-0.03450037	0.029487167	0.012867549	-1.7799195e-13	2.1642058e-15	4.7882607e-17	-1.7577987e-13	-0.06899612	0.05897038	-0.97426486	-4.6289006e-06	3.9562797e-06	1
0	-0.035506006	0.03033919	0.013582234	0	0	0.0049999966	-0.035506003	0.030339193	0.013582233	-1.7798904e-13	2.161217e-15	4.7881595e-17	-1.7578042e-13	-0.071007244	0.06067431	-0.9728354	-4.7633675e-06	4.070204e-06	1
0	-0.036807645	0.031442415	0.0145426905	0	0	0.009999993	-0.036807645	0.031442415	0.01454269	-1.7798516e-13	2.1572142e-15	4.7877396e-17	-1.757811e-13	-0.07361036	0.062880605	-0.9709146	-4.93752e-06	4.217806e-06	1
0	-0.038482103	0.032861356	0.015832167	0	0	0.014999987	-0.038482103	0.03286136	0.015832167	-1.7797995e-13	2.1518662e-15	4.7866348e-17	-1.757819e-13	-0.076959044	0.0657183	-0.96833575	-5.161649e-06	4.4077324e-06	1
0	-0.04116415	0.035132036	0.018018005	0	0	0.019999987	-0.04116415	0.035132032	0.018018005	-1.7797116e-13	2.1428697e-15	4.7833714e-17	-1.75783e-13	-0.08232278	0.070259355	-0.963964	-5.5208848e-06	4.711867e-06	1
0	-0.043502413	0.037109427	0.020048615	0	0	0.025000023	-0.043502413	0.037109427	0.020048615	-1.7796307e-13	2.13459e-15	4.779189e-17	-1.7578425e-13	-0.086999	0.07421388	-0.95990276	-5.833951e-06	4.9766154e-06	1
0	-0.04689708	0.039976336	0.023212284	0	0	0.029999973	-0.046897084	0.039976336	0.023212284	-1.779506e-13	2.121839e-15	4.770801e-17	-1.7578598e-13	-0.09378788	0.07994731	-0.9535753	-6.2886347e-06	5.36061e-06	1
0	0.0023022178	-0.0009105816	0.75088763	0	0	0.035000023	0.002302218	-0.0009105816	0.75088763	-1.7771934e-13	1.8860213e-15	-5.4766983e-17	-1.7607411e-13	0.0046041277	-0.0018210411	0.50177526	3.0875935e-07	-1.2211581e-07	1
0	0.0035862252	-0.0007584264	0.7709383	0	0	0.039999973	0.0035862252	-0.0007584263	0.7709383	-1.7774313e-13	1.9097819e-15	-5.1071087e-17	-1.7610268e-13	0.00717197	-0.0015167509	0.5418766	4.8099355e-07	-1.01695974e-07	1
0	0.0033716145	-9.453082e-05	0.78912175	0	0	0.045000043	0.0033716147	-9.453082e-05	0.78912175	-1.77764e-13	1.9310124e-15	-4.6485e-17	-1.7613081e-13	0.0067427764	-0.00018904902	0.57824343	4.5218704e-07	-1.2646689e-08	1
0	0.0031498303	0.00032963097	0.8034509	0	0	0.050000045	0.0031498303	0.00032963103	0.80345094	-1.777808e-13	1.948163e-15	-4.2517586e-17	-1.761595e-13	0.0062992387	0.0006592178	0.606902	4.2242004e-07	4.4240434e-08	1
0	0.0030511161	0.00057373766	0.8127153	0	0	0.05499994	0.0030511161	0.00057373766	0.8127153	-1.7779132e-13	1.9589348e-15	-3.9673405e-17	-1.7618842e-13	0.0061018225	0.0011473985	0.6254305	4.091618e-07	7.6968995e-08	1
0	0.0029567014	0.000827461	0.8223889	0	0	0.059999947	0.0029567014	0.000827461	0.8223889	-1.7780266e-13	1.970551e-15	-3.6566667e-17	-1.7621793e-13	0.0059130066	0.0016548111	0.64477795	3.9648316e-07	1.1098918e-07	1
0	0.0028634036	0.0010537548	0.8333205	0	0	0.065000035	0.0028634036	0.0010537549	0.8333205	-1.7781588e-13	1.9841052e-15	-3.3061175e-17	-1.7624822e-13	0.0057264236	0.0021073685	0.6666411	3.839511e-07	1.4132848e-07	1
0	0.002798818	0.001217546	0.84002775	0	0	0.070000045	0.002798818	0.001217546	0.8400277	-1.7782367e-13	1.9921355e-15	-3.0788152e-17	-1.762785e-13	0.005597261	0.0024349287	0.6800553	3.7527718e-07	1.6327344e-07	1
0	0.002589715	0.0017379104	0.85411704	0	0	0.074999906	0.002589715	0.0017379104	0.85411704	-1.7784159e-13	2.0105532e-15	-2.6458035e-17	-1.7631088e-13	0.005179083	0.0034755878	0.70823413	3.4720603e-07	2.330324e-07	1
0	0.0031140584	0.002514732	0.8679199	0	0	0.079999946	0.0031140584	0.0025147318	0.8679199	-1.7785898e-13	2.028419e-15	-2.2544695e-17	-1.7634455e-13	0.0062277	0.0050291265	0.73583996	4.1747705e-07	3.371732e-07	1
0	0.0036223652	0.0029509985	0.8853082	0	0	0.08500003	0.0036223652	0.0029509985	0.8853082	-1.7788168e-13	2.0517908e-15	-1.8076027e-17	-1.7638058e-13	0.0072442447	0.0059016016	0.7706165	4.856384e-07	3.9567456e-07	1
0	0.003424209	0.002904023	0.88799137	0	0	0.090000086	0.0034242093	0.0029040233	0.8879913	-1.778847e-13	2.054937e-15	-1.7030107e-17	-1.7641245e-13	0.006847959	0.0058076573	0.7759826	4.5906876e-07	3.8934886e-07	1
0	0.0031902671	0.0028798678	0.8908862	0	0	0.09500003	0.0031902671	0.0028798673	0.8908862	-1.7788798e-13	2.058369e-15	-1.5787316e-17	-1.7644443e-13	0.006380107	0.005759349	0.78177226	4.2770816e-07	3.8608766e-07	1
0	0.00291704	0.0028492315	0.8937348	0	0	0.10000009	0.00291704	0.0028492315	0.8937348	-1.7789128e-13	2.0618417e-15	-1.4517294e-17	-1.7647654e-13	0.0058336887	0.005698081	0.78746974	3.9109662e-07	3.8196782e-07	1
0	0.00070907903	0.0021693949	0.9041386	0	0	0.10499983	0.00070907903	0.002169395	0.9041387	-1.7790503e-13	2.0759734e-15	-1.03591385e-17	-1.7651134e-13	0.001418063	0.004338499	0.80827725	9.5128634e-08	2.908497e-07	1
0	-5.3682346e-05	0.0019076075	0.91065747	0	0	0.10999988	-5.3682346e-05	0.0019076075	0.91065747	-1.7791225e-13	2.083491e-15	-7.888248e-18	-1.7654567e-13	-0.000107357366	0.0038149597	0.8213149	-7.169844e-09	2.5571137e-07	1
0	-0.00017037237	0.0019060189	0.912257	0	0	0.11499984	-0.00017037237	0.0019060189	0.912257	-1.7791367e-13	2.0850146e-15	-7.186158e-18	-1.7657838e-13	-0.00034072206	0.0038117827	0.8245139	-2.279575e-08	2.5547487e-07	1
0	-0.0002956789	0.0019241567	0.91409373	0	0	0.11999989	-0.0002956789	0.0019241567	0.91409373	-1.7791529e-13	2.086737e-15	-6.29163e-18	-1.7661122e-13	-0.00059131836	0.0038480558	0.8281874	-3.9573937e-08	2.5788103e-07	1
0	-0.0004849966	0.0019781706	0.9168817	0	0	0.125	-0.0004849966	0.0019781706	0.9168816	-1.7791766e-13	2.0892523e-15	-4.888844e-18	-1.7664449e-13	-0.0009699281	0.0039560767	0.83376324	-6.493043e-08	2.6509093e-07	1
0	-0.0005732726	0.0020119315	0.91828114	0	0	0.13000007	-0.0005732726	0.0020119315	0.91828114	-1.7791877e-13	2.0904568e-15	-4.1685374e-18	-1.7667741e-13	-0.0011464683	0.0040235934	0.8365623	-7.674919e-08	2.695935e-07	1
0	-0.00069886976	0.002070253	0.9204944	0	0	0.13500017	-0.0006988698	0.0020702528	0.9204944	-1.7792049e-13	2.0923224e-15	-3.0078216e-18	-1.7671072e-13	-0.0013976459	0.0041402285	0.8409886	-9.357278e-08	2.7738372e-07	1
0	-0.00044631545	2.4969777e-05	0.99589336	0	0	0.14000009	-0.00044631545	2.4969777e-05	0.99589336	-1.780342e-13	2.2108225e-15	1.3081738e-18	-1.768089e-13	-0.000892571	4.9936196e-05	0.99178666	-5.992145e-08	3.3593557e-09	1
0	-0.00029116808	-5.1161915e-06	0.99630475	0	0	0.14500023	-0.00029116808	-5.1161915e-06	0.9963048	-1.7803494e-13	2.211629e-15	1.3716132e-18	-1.7684445e-13	-0.00058229704	-1.0231743e-05	0.9926097	-3.9130878e-08	-6.485671e-10	1
0	0.0010542563	-0.0009752635	0.99836993	0	0	0.14999981	0.0010542563	-0.00097526336	0.99836993	-1.7804008e-13	2.2168233e-15	2.291497e-18	-1.7688092e-13	0.0021083714	-0.0019503961	0.9967398	1.4124313e-07	-1.3066038e-07	1
0	0.0010109423	-0.0009255527	0.9984642	0	0	0.15500008	0.0010109425	-0.0009255526	0.9984643	-1.780403e-13	2.2170516e-15	2.3714937e-18	-1.7691628e-13	0.0020217493	-0.0018509811	0.9969285	1.3543331e-07	-1.2399403e-07	1
0	0.000979169	-0.0008973554	0.99857587	0	0	0.15999989	0.000979169	-0.0008973554	0.99857587	-1.7804057e-13	2.2173239e-15	2.4735434e-18	-1.7695162e-13	0.001958207	-0.0017945906	0.99715173	1.3117013e-07	-1.2021047e-07	1
0	0.0009495498	-0.00087127823	0.9986797	0	0	0.1650002	0.0009495498	-0.00087127823	0.9986797	-1.780408e-13	2.2175784e-15	2.5716334e-18	-1.7698695e-13	0.0018989724	-0.0017424398	0.9973594	1.2719592e-07	-1.16711306e-07	1
0	0.0009216977	-0.000846952	0.9987759	0	0	0.17000006	0.0009216977	-0.0008469521	0.9987759	-1.7804103e-13	2.2178162e-15	2.6653577e-18	-1.770223e-13	0.001843272	-0.0016937905	0.9975517	1.2345883e-07	-1.13447e-07	1
0	0.0008954279	-0.00082410395	0.99886566	0	0	0.17499986	0.0008954279	-0.00082410383	0.9988657	-1.7804123e-13	2.2180396e-15	2.7556025e-18	-1.7705766e-13	0.0017907359	-0.0016480974	0.99773127	1.1993404e-07	-1.1038101e-07	1
0	0.00087063044	-0.00080259226	0.99895096	0	0	0.18000017	0.00087063044	-0.0008025923	0.99895096	-1.7804143e-13	2.2182533e-15	2.8442111e-18	-1.7709301e-13	0.0017411441	-0.001605077	0.99790204	1.16606806e-07	-1.0749433e-07	1
0	0.00084717816	-0.00078233203	0.9990343	0	0	0.18499996	0.00084717816	-0.00078233203	0.9990343	-1.780416e-13	2.2184625e-15	2.9338078e-18	-1.7712836e-13	0.0016942429	-0.0015645593	0.9980686	1.13460075e-07	-1.0477554e-07	1
0	0.00082496676	-0.0007633425	0.99912	0	0	0.19000006	0.00082496664	-0.0007633424	0.99912	-1.780418e-13	2.2186777e-15	3.030207e-18	-1.771637e-13	0.0016498233	-0.0015265826	0.99824	1.1047981e-07	-1.02227176e-07	1
0	0.000803921	-0.00074561423	0.9992106	0	0	0.19499981	0.000803921	-0.0007456143	0.9992106	-1.78042e-13	2.2189049e-15	3.1365702e-18	-1.7719908e-13	0.0016077342	-0.0014911289	0.99842125	1.0765595e-07	-9.984798e-08	1
0	0.00077221903	-0.00071700383	0.9992786	0	0	0.20499994	0.000772219	-0.0007170038	0.9992786	-1.7804218e-13	2.2190868e-15	3.2034552e-18	-1.772698e-13	0.0015443347	-0.0014339115	0.9985571	1.0340229e-07	-9.600873e-08	1
0	0.0006904622	-0.0006420693	0.999417	0	0	0.25499967	0.00069046207	-0.0006420693	0.99941695	-1.7804249e-13	2.2194775e-15	3.3097848e-18	-1.7762351e-13	0.0013808317	-0.0012840526	0.998834	9.2432764e-08	-8.5953744e-08	1
0	0.00064973126	-0.000604736	0.9994888	0	0	0.30500022	0.0006497312	-0.000604736	0.9994888	-1.7804264e-13	2.2196774e-15	3.3478363e-18	-1.7797728e-13	0.0012993756	-0.0012093909	0.9989776	8.6970786e-08	-8.094725e-08	1
0	0.0006258682	-0.0005820571	0.99953467	0	0	0.3549996	0.0006258682	-0.0005820571	0.9995347	-1.7804275e-13	2.2198002e-15	3.208537e-18	-1.7833121e-13	0.0012516527	-0.0011640363	0.99906933	8.3779874e-08	-7.792223e-08	1
0	0.00039242886	-0.00037010384	0.99991757	0	0	0.40499973	0.00039242886	-0.00037010384	0.9999175	-1.7804376e-13	2.220951e-15	2.1179161e-19	-1.786889e-13	0.0007848052	-0.00074015826	0.9998351	5.2440978e-08	-4.945769e-08	1
0	0.00034928494	-0.00032943033	0.9999291	0	0	0.45500082	0.00034928494	-0.00032943027	0.99992895	-1.7804376e-13	2.2210009e-15	1.9363444e-19	-1.7904278e-13	0.0006985232	-0.00065881666	0.999858	4.6652207e-08	-4.4000355e-08	1
0	0.00031468045	-0.00029679935	0.999938	0	0	0.5050003	0.00031468045	-0.00029679935	0.99993813	-1.7804376e-13	2.2210394e-15	1.7827929e-19	-1.7939666e-13	0.0006293189	-0.00059355906	0.9998761	4.2009226e-08	-3.9622154e-08	1
0	0.00028631088	-0.00027004268	0.99994534	0	0	0.55500025	0.00028631088	-0.00027004268	0.99994534	-1.7804376e-13	2.221071e-15	1.651077e-19	-1.7975054e-13	0.0005725836	-0.00054004934	0.9998907	3.820282e-08	-3.6032148e-08	1
0	0.000262632	-0.00024770727	0.99995136	0	0	0.60500026	0.000262632	-0.00024770727	0.9999513	-1.7804375e-13	2.221096e-15	1.5367523e-19	-1.8010441e-13	0.00052522897	-0.00049538154	0.9999026	3.5025792e-08	-3.3035374e-08	1
0	0.00024256912	-0.00022878124	0.9999563	0	0	0.6549993	0.00024256912	-0.00022878124	0.9999563	-1.7804375e-13	2.2211173e-15	1.4365285e-19	-1.804583e-13	0.00048510585	-0.00045753195	0.9999125	3.233395e-08	-3.0496064e-08	1
0	0.00022535364	-0.00021254036	0.9999605	0	0	0.70500124	0.00022535365	-0.00021254036	0.9999604	-1.7804374e-13	2.2211353e-15	1.3479134e-19	-1.8081217e-13	0.0004506773	-0.00042505236	0.9999209	3.002416e-08	-2.8317032e-08	1
0	0.00021041858	-0.00019845032	0.999964	0	0	0.7549992	0.00021041858	-0.00019845032	0.99996394	-1.7804371e-13	2.2211501e-15	1.2689791e-19	-1.8116604e-13	0.00042080917	-0.00039687415	0.99992806	2.8020345e-08	-2.6426596e-08	1
0	0.00019733803	-0.00018610955	0.9999671	0	0	0.80500025	0.00019733801	-0.00018610954	0.9999671	-1.7804368e-13	2.2211635e-15	1.1982099e-19	-1.815199e-13	0.00039464975	-0.0003721943	0.9999342	2.6265356e-08	-2.477087e-08	1
0	0.00018579008	-0.00017521478	0.9999697	0	0	0.85500133	0.00018579006	-0.00017521478	0.9999697	-1.7804367e-13	2.221175e-15	1.134398e-19	-1.8187379e-13	0.00037155542	-0.00035040622	0.9999395	2.4716009e-08	-2.3309163e-08	1
0	0.00017551718	-0.00016552283	0.9999721	0	0	0.9049992	0.00017551715	-0.00016552283	0.9999721	-1.7804367e-13	2.2211849e-15	1.0765607e-19	-1.8222769e-13	0.000351011	-0.00033102365	0.9999441	2.333774e-08	-2.2008845e-08	1
0	0.00016631998	-0.00015684572	0.99997413	0	0	0.95500135	0.00016631998	-0.00015684572	0.99997413	-1.7804366e-13	2.221193e-15	1.0238982e-19	-1.8258156e-13	0.0003326179	-0.0003136706	0.9999482	2.2103816e-08	-2.0844693e-08	1
