# t (s)	mx ()	my ()	mz ()	B_extx (T)	B_exty (T)	B_extz (T)	mx ()	my ()	mz ()	E_anis (J)	E_demag (J)	E_exch (J)	E_total (J)	m_zrange1_x ()	m_zrange1_y ()	m_zrange1_z ()	m_zrange0_x ()	m_zrange0_y ()	m_zrange0_z ()
0	0	0	1	0	0	1	0	0	1	-1.7804318e-13	1.7992557e-15	-0	-1.8261403e-13	0	0	1	0	0	1
0	0.00016302738	-0.0001537401	0.9999747	0	0	0.94999886	0.00016302738	-0.00015374008	0.9999747	-1.7804366e-13	1.7991685e-15	1.0137687e-19	-1.8229582e-13	0.00032603307	-0.00030745976	0.9999492	2.1661494e-08	-2.0427493e-08	1
0	0.000170929	-0.0001611949	0.9999729	0	0	0.900001	0.00017092898	-0.0001611949	0.9999729	-1.7804367e-13	1.7991621e-15	1.0599422e-19	-1.8197733e-13	0.00034183526	-0.00032236835	0.9999458	2.2721572e-08	-2.142762e-08	1
0	0.00017963491	-0.00016940851	0.999971	0	0	0.849999	0.00017963491	-0.00016940851	0.999971	-1.7804367e-13	1.7991558e-15	1.1101016e-19	-1.8165882e-13	0.00035924593	-0.0003387945	0.9999418	2.3889566e-08	-2.2529566e-08	1
0	0.00018927401	-0.00017850252	0.9999687	0	0	0.8000007	0.00018927401	-0.00017850251	0.9999687	-1.7804368e-13	1.7991475e-15	1.1647842e-19	-1.8134034e-13	0.00037852285	-0.0003569813	0.9999374	2.5182768e-08	-2.3749633e-08	1
0	0.00020000576	-0.00018862738	0.9999662	0	0	0.75	0.00020000576	-0.0001886274	0.9999662	-1.7804371e-13	1.799139e-15	1.2246321e-19	-1.8102185e-13	0.00039998486	-0.00037722965	0.99993235	2.6622567e-08	-2.5108008e-08	1
0	0.00021202839	-0.00019996995	0.99996334	0	0	0.69999945	0.00021202839	-0.00019996995	0.99996334	-1.7804371e-13	1.7991295e-15	1.2904142e-19	-1.8070335e-13	0.00042402852	-0.00039991323	0.9999266	2.8235581e-08	-2.6629772e-08	1
0	0.00022558776	-0.00021276208	0.99996006	0	0	0.6500008	0.00022558776	-0.00021276207	0.99996006	-1.7804374e-13	1.7991179e-15	1.3630653e-19	-1.8038488e-13	0.00045114546	-0.00042549585	0.99992	3.005477e-08	-2.8346022e-08	1
0	0.00024099814	-0.00022729998	0.99995625	0	0	0.59999925	0.00024099814	-0.00022730001	0.99995625	-1.7804375e-13	1.799105e-15	1.4437302e-19	-1.800664e-13	0.00048196415	-0.0004545697	0.99991244	3.212232e-08	-3.0296516e-08	1
0	0.0002586684	-0.00024396891	0.99995184	0	0	0.5499998	0.0002586684	-0.00024396891	0.99995184	-1.7804375e-13	1.79909e-15	1.533832e-19	-1.7974789e-13	0.0005173023	-0.00048790532	0.9999037	3.449308e-08	-3.2532927e-08	1
0	0.000279133	-0.00026327244	0.9999466	0	0	0.5	0.00027913303	-0.00026327244	0.9999467	-1.7804376e-13	1.799072e-15	1.635165e-19	-1.794294e-13	0.0005582288	-0.0005265097	0.9998932	3.7238763e-08	-3.512283e-08	1
0	0.0003031126	-0.00028588893	0.9999404	0	0	0.4500005	0.0003031126	-0.0002858889	0.9999404	-1.7804376e-13	1.7990503e-15	1.7500234e-19	-1.7911092e-13	0.0006061848	-0.0005717396	0.99988085	4.0456065e-08	-3.815725e-08	1
0	0.00033159243	-0.00031274513	0.99993294	0	0	0.40000036	0.00033159243	-0.00031274513	0.99993294	-1.7804376e-13	1.7990243e-15	1.8813958e-19	-1.7879242e-13	0.0006631405	-0.0006254485	0.9998659	4.4277165e-08	-4.1760526e-08	1
0	0.00036597817	-0.00034516354	0.9999237	0	0	0.34999973	0.00036597817	-0.00034516354	0.9999237	-1.7804378e-13	1.7989923e-15	2.0332694e-19	-1.7847395e-13	0.0007319074	-0.0006902809	0.9998474	4.889069e-08	-4.6110106e-08	1
0	0.00040832045	-0.00038506972	0.99991214	0	0	0.29999962	0.00040832045	-0.0003850697	0.99991214	-1.7804378e-13	1.7989519e-15	2.2110882e-19	-1.7815546e-13	0.00081658625	-0.00077008794	0.9998242	5.4571757e-08	-5.1464344e-08	1
0	0.00046173303	-0.0004353847	0.99989724	0	0	0.25	0.00046173303	-0.0004353847	0.9998972	-1.7804376e-13	1.7988998e-15	2.4225326e-19	-1.7783698e-13	0.00092340424	-0.00087071117	0.9997945	6.1738156e-08	-5.8215175e-08	1
0	0.0005393295	-0.00050842576	0.99987525	0	0	0.19499981	0.0005393294	-0.00050842576	0.9998752	-1.7804376e-13	1.798823e-15	2.7075537e-19	-1.7748669e-13	0.0010785869	-0.0010167835	0.99975044	7.214936e-08	-6.801524e-08	1
0	0.00054770213	-0.0005163023	0.9998728	0	0	0.19000006	0.00054770213	-0.0005163023	0.9998728	-1.7804376e-13	1.7988146e-15	2.7368814e-19	-1.7745484e-13	0.0010953309	-0.0010325356	0.9997456	7.327272e-08	-6.907206e-08	1
0	0.00055633776	-0.00052442553	0.9998703	0	0	0.18499996	0.0005563378	-0.00052442553	0.9998703	-1.7804375e-13	1.7988062e-15	2.76687e-19	-1.7742298e-13	0.0011126011	-0.001048781	0.9997406	7.443139e-08	-7.0161974e-08	1
0	0.0005652444	-0.00053280266	0.99986774	0	0	0.18000017	0.0005652444	-0.00053280266	0.99986774	-1.7804375e-13	1.7987973e-15	2.7975409e-19	-1.7739114e-13	0.001130413	-0.001065534	0.9997356	7.562639e-08	-7.128594e-08	1
0	0.00057444675	-0.000541457	0.9998651	0	0	0.17499986	0.00057444675	-0.000541457	0.9998651	-1.7804375e-13	1.7987875e-15	2.828921e-19	-1.773593e-13	0.0011488168	-0.0010828415	0.9997301	7.68611e-08	-7.2447115e-08	1
0	0.0005839525	-0.000550395	0.9998623	0	0	0.17000006	0.0005839525	-0.00055039505	0.9998623	-1.7804375e-13	1.7987778e-15	2.8610324e-19	-1.7732746e-13	0.0011678269	-0.0011007164	0.9997247	7.81365e-08	-7.364636e-08	1
0	0.00059377606	-0.0005596307	0.9998595	0	0	0.1650002	0.0005937761	-0.0005596307	0.9998595	-1.7804375e-13	1.7987678e-15	2.8939053e-19	-1.7729561e-13	0.0011874725	-0.0011191865	0.999719	7.945453e-08	-7.488554e-08	1
0	0.0006039352	-0.0005691806	0.9998566	0	0	0.15999989	0.0006039353	-0.0005691805	0.99985653	-1.7804375e-13	1.7987577e-15	2.9275695e-19	-1.7726376e-13	0.0012077898	-0.001138285	0.9997132	8.081761e-08	-7.616686e-08	1
0	0.00061444624	-0.0005790597	0.9998535	0	0	0.15500008	0.00061444624	-0.0005790597	0.9998535	-1.7804375e-13	1.7987469e-15	2.9620542e-19	-1.7723193e-13	0.0012288103	-0.0011580418	0.999707	8.222789e-08	-7.749237e-08	1
0	0.00062533317	-0.00058929046	0.9998504	0	0	0.14999981	0.00062533317	-0.00058929046	0.99985033	-1.7804372e-13	1.7987359e-15	2.9973952e-19	-1.7720007e-13	0.0012505825	-0.0011785021	0.9997006	8.368859e-08	-7.8865064e-08	1
0	0.0006366122	-0.000599888	0.99984705	0	0	0.14500023	0.0006366122	-0.000599888	0.99984705	-1.7804372e-13	1.7987242e-15	3.0336257e-19	-1.7716823e-13	0.0012731393	-0.0011996956	0.9996941	8.5201926e-08	-8.028698e-08	1
0	0.000648303	-0.00061087054	0.99984366	0	0	0.14000009	0.000648303	-0.00061087054	0.99984366	-1.7804371e-13	1.7987124e-15	3.0707832e-19	-1.7713638e-13	0.0012965193	-0.0012216594	0.9996872	8.677049e-08	-8.176054e-08	1
0	0.0006604353	-0.00062226533	0.9998401	0	0	0.13500017	0.0006604353	-0.00062226533	0.9998401	-1.7804371e-13	1.7986999e-15	3.1089048e-19	-1.7710452e-13	0.001320782	-0.0012444473	0.99968004	8.839831e-08	-8.328941e-08	1
0	0.00067302585	-0.0006340888	0.9998363	0	0	0.13000007	0.00067302585	-0.0006340888	0.99983644	-1.7804368e-13	1.7986872e-15	3.1480343e-19	-1.7707266e-13	0.0013459617	-0.0012680928	0.9996728	9.008761e-08	-8.48758e-08	1
0	0.00068610755	-0.0006463706	0.9998325	0	0	0.125	0.00068610755	-0.0006463707	0.9998325	-1.7804368e-13	1.7986734e-15	3.1882102e-19	-1.7704081e-13	0.0013721233	-0.0012926547	0.999665	9.184281e-08	-8.652369e-08	1
0	0.0006997022	-0.00065913156	0.99982846	0	0	0.11999989	0.0006997023	-0.00065913156	0.9998285	-1.7804368e-13	1.7986594e-15	3.229485e-19	-1.7700897e-13	0.0013993109	-0.0013181749	0.99965703	9.366683e-08	-8.823585e-08	1
0	0.0007138417	-0.0006724013	0.99982435	0	0	0.11499984	0.0007138417	-0.0006724013	0.99982435	-1.7804367e-13	1.7986448e-15	3.2719052e-19	-1.7697713e-13	0.0014275878	-0.0013447125	0.9996486	9.5563934e-08	-9.00163e-08	1
0	0.00072858593	-0.00068623456	0.99982	0	0	0.10999988	0.00072858593	-0.00068623456	0.99982	-1.7804367e-13	1.7986298e-15	3.3155273e-19	-1.7694529e-13	0.0014570743	-0.0013723773	0.99964	9.7542184e-08	-9.187235e-08	1
0	0.00074393896	-0.00070063607	0.99981546	0	0	0.10499983	0.00074393896	-0.00070063607	0.99981534	-1.7804366e-13	1.7986135e-15	3.360402e-19	-1.7691344e-13	0.0014877783	-0.0014011784	0.9996309	9.9602126e-08	-9.380466e-08	1
0	0.0007599579	-0.0007156578	0.9998107	0	0	0.10000009	0.0007599578	-0.0007156578	0.9998107	-1.7804366e-13	1.7985967e-15	3.406593e-19	-1.7688161e-13	0.0015198139	-0.0014312197	0.9996214	1.0175141e-07	-9.582017e-08	1
0	0.00077667803	-0.00073133304	0.9998057	0	0	0.09500003	0.00077667803	-0.00073133304	0.9998057	-1.7804364e-13	1.7985794e-15	3.4541604e-19	-1.7684976e-13	0.0015532519	-0.0014625681	0.99961144	1.039948e-07	-9.792336e-08	1
0	0.0007941267	-0.0007476884	0.99980044	0	0	0.090000086	0.00079412665	-0.00074768846	0.9998005	-1.7804364e-13	1.7985612e-15	3.5031787e-19	-1.7681792e-13	0.0015881471	-0.0014952768	0.99960107	1.0633592e-07	-1.0011783e-07	1
0	0.0008124332	-0.0007648399	0.9997951	0	0	0.08500003	0.00081243314	-0.00076483993	0.9997951	-1.7804362e-13	1.7985421e-15	3.5537191e-19	-1.7678608e-13	0.0016247574	-0.0015295772	0.99959016	1.08792136e-07	-1.024191e-07	1
0	0.0008315767	-0.00078277074	0.99978936	0	0	0.079999946	0.0008315767	-0.00078277074	0.99978936	-1.7804362e-13	1.7985222e-15	3.6058592e-19	-1.7675421e-13	0.0016630422	-0.0015654366	0.9995787	1.1136065e-07	-1.04824935e-07	1
0	0.0008516354	-0.00080155197	0.9997833	0	0	0.074999906	0.0008516354	-0.00080155197	0.9997833	-1.7804359e-13	1.7985008e-15	3.659679e-19	-1.7672238e-13	0.0017031569	-0.0016029966	0.9995667	1.1405198e-07	-1.0734489e-07	1
0	0.00087271654	-0.00082128344	0.999777	0	0	0.070000045	0.00087271654	-0.00082128344	0.999777	-1.7804356e-13	1.7984788e-15	3.7152846e-19	-1.7669052e-13	0.0017453162	-0.001642457	0.99955404	1.16880464e-07	-1.0999233e-07	1
0	0.0008948081	-0.0008419558	0.9997704	0	0	0.065000035	0.0008948081	-0.0008419558	0.9997704	-1.7804353e-13	1.7984555e-15	3.772762e-19	-1.7665868e-13	0.0017894964	-0.001683799	0.9995408	1.1984453e-07	-1.12766e-07	1
0	0.00091810647	-0.0008637447	0.9997635	0	0	0.059999947	0.00091810647	-0.00086374464	0.9997633	-1.7804353e-13	1.798431e-15	3.832222e-19	-1.7662683e-13	0.00183609	-0.0017273736	0.9995268	1.2297052e-07	-1.1568951e-07	1
0	0.0009426331	-0.0008866751	0.99975604	0	0	0.05499994	0.0009426331	-0.0008866751	0.99975604	-1.7804352e-13	1.798405e-15	3.89378e-19	-1.76595e-13	0.00188514	-0.0017732315	0.9995121	1.262613e-07	-1.18766174e-07	1
0	0.00096850586	-0.00091085164	0.99974823	0	0	0.050000045	0.00096850574	-0.00091085164	0.99974823	-1.780435e-13	1.7983774e-15	3.9575621e-19	-1.7656315e-13	0.0019368819	-0.0018215813	0.99949646	1.2973268e-07	-1.2201002e-07	1
0	0.0009958392	-0.00093638053	0.99974	0	0	0.045000043	0.0009958391	-0.00093638053	0.99974	-1.7804345e-13	1.7983484e-15	4.023703e-19	-1.7653127e-13	0.0019915449	-0.0018726357	0.99947995	1.3340005e-07	-1.2543535e-07	1
0	0.0010247494	-0.0009633698	0.99973124	0	0	0.039999973	0.0010247494	-0.0009633698	0.99973124	-1.7804345e-13	1.7983177e-15	4.0923554e-19	-1.7649945e-13	0.0020493614	-0.0019266105	0.9994625	1.3727899e-07	-1.2905657e-07	1
0	0.0010554008	-0.0009919698	0.99972194	0	0	0.035000023	0.0010554008	-0.0009919698	0.999722	-1.7804343e-13	1.798285e-15	4.1636803e-19	-1.7646762e-13	0.00211066	-0.0019838067	0.99944395	1.4139157e-07	-1.3289396e-07	1
0	0.0010879668	-0.0010223375	0.9997121	0	0	0.029999973	0.001087967	-0.0010223375	0.9997121	-1.7804341e-13	1.79825e-15	4.2378533e-19	-1.7643578e-13	0.002175788	-0.0020445378	0.99942416	1.45761e-07	-1.369685e-07	1
0	0.0011225931	-0.0010546064	0.9997016	0	0	0.025000023	0.0011225931	-0.0010546064	0.99970156	-1.780434e-13	1.798213e-15	4.3150714e-19	-1.7640395e-13	0.0022450357	-0.0021090715	0.9994032	1.5040689e-07	-1.4129814e-07	1
0	0.0011595654	-0.0010890382	0.9996904	0	0	0.019999987	0.0011595654	-0.0010890382	0.9996903	-1.7804334e-13	1.7981734e-15	4.395568e-19	-1.7637209e-13	0.0023189755	-0.0021779304	0.99938077	1.5536752e-07	-1.4591801e-07	1
0	0.0011989423	-0.0011256861	0.9996784	0	0	0.014999987	0.0011989422	-0.0011256861	0.9996784	-1.780433e-13	1.7981313e-15	4.479538e-19	-1.7634025e-13	0.0023977237	-0.0022512213	0.99935687	1.6065079e-07	-1.508352e-07	1
0	0.0012410567	-0.0011648515	0.9996656	0	0	0.009999993	0.0012410567	-0.0011648515	0.9996656	-1.7804326e-13	1.7980864e-15	4.5672793e-19	-1.763084e-13	0.002481947	-0.002329547	0.9993312	1.6630136e-07	-1.5609015e-07	1
0	0.001286443	-0.0012070253	0.99965173	0	0	0.0049999966	0.0012864431	-0.0012070253	0.99965173	-1.7804322e-13	1.7980375e-15	4.659085e-19	-1.7627656e-13	0.0025727137	-0.002413889	0.9993036	1.7239094e-07	-1.617488e-07	1
0	0.0013352577	-0.0012523421	0.9996369	0	0	-9.887924e-17	0.0013352577	-0.0012523421	0.9996369	-1.7804318e-13	1.797985e-15	4.755297e-19	-1.7624472e-13	0.0026703365	-0.0025045166	0.9992738	1.7894048e-07	-1.6782914e-07	1
0	0.001387688	-0.0013009761	0.9996209	0	0	-0.0049999966	0.001387688	-0.0013009761	0.9996209	-1.7804314e-13	1.7979287e-15	4.85622e-19	-1.7621289e-13	0.00277519	-0.0026017777	0.99924177	1.8597514e-07	-1.7435454e-07	1
0	0.001444676	-0.0013537775	0.9996035	0	0	-0.009999993	0.001444676	-0.0013537775	0.9996035	-1.7804309e-13	1.797867e-15	4.9623563e-19	-1.7618105e-13	0.0028891582	-0.0027073734	0.99920696	1.9362133e-07	-1.814391e-07	1
0	0.0015063292	-0.0014108425	0.9995847	0	0	-0.014999987	0.001506329	-0.0014108425	0.9995847	-1.78043e-13	1.7978003e-15	5.074106e-19	-1.7614917e-13	0.0030124562	-0.0028214955	0.99916935	2.0189341e-07	-1.8909573e-07	1
0	0.0015738081	-0.0014732251	0.9995642	0	0	-0.019999987	0.0015738083	-0.0014732251	0.99956405	-1.7804295e-13	1.7977277e-15	5.192043e-19	-1.7611737e-13	0.0031474056	-0.002946253	0.99912816	2.1094723e-07	-1.9746585e-07	1
0	0.0016473787	-0.0015411589	0.99954164	0	0	-0.025000023	0.0016473787	-0.0015411588	0.99954164	-1.7804288e-13	1.7976483e-15	5.3167313e-19	-1.7608555e-13	0.0032945368	-0.003082111	0.99908316	2.2081831e-07	-2.0658081e-07	1
0	0.0017282497	-0.001615714	0.99951684	0	0	-0.029999973	0.0017282497	-0.001615714	0.99951684	-1.7804283e-13	1.7975606e-15	5.4489504e-19	-1.760537e-13	0.0034562678	-0.0032312118	0.99903375	2.3166892e-07	-2.1658417e-07	1
0	0.0018174321	-0.0016978123	0.99948955	0	0	-0.035000023	0.0018174321	-0.0016978121	0.99948955	-1.7804273e-13	1.7974645e-15	5.5894465e-19	-1.7602186e-13	0.0036346207	-0.003395397	0.99897915	2.4363467e-07	-2.275996e-07	1
0	0.001916906	-0.0017892318	0.99945927	0	0	-0.039999973	0.001916906	-0.0017892319	0.99945927	-1.7804261e-13	1.797357e-15	5.7392247e-19	-1.7599001e-13	0.003833555	-0.0035782238	0.99891853	2.5698122e-07	-2.3986573e-07	1
0	0.0020274264	-0.0018906058	0.9994255	0	0	-0.045000043	0.0020274261	-0.0018906059	0.9994255	-1.780425e-13	1.7972377e-15	5.899359e-19	-1.7595818e-13	0.004054581	-0.0037809585	0.998851	2.7180988e-07	-2.5346745e-07	1
0	0.0021517554	-0.002004418	0.9993876	0	0	-0.050000045	0.0021517552	-0.002004418	0.9993875	-1.7804237e-13	1.7971032e-15	6.071203e-19	-1.7592636e-13	0.0043032216	-0.0040085674	0.9987751	2.8849132e-07	-2.6873803e-07	1
0	0.0022921057	-0.002132595	0.99934477	0	0	-0.05499994	0.0022921057	-0.002132595	0.9993447	-1.7804222e-13	1.7969514e-15	6.256342e-19	-1.7589451e-13	0.0045839045	-0.004264904	0.9986895	3.0732235e-07	-2.8593604e-07	1
0	0.0024525132	-0.0022786958	0.9992959	0	0	-0.059999947	0.0024525132	-0.0022786958	0.9992959	-1.7804206e-13	1.7967782e-15	6.4567847e-19	-1.7586269e-13	0.0049046976	-0.004557086	0.9985918	3.288444e-07	-3.055389e-07	1
0	0.0026367411	-0.0024459993	0.9992397	0	0	-0.065000035	0.0026367411	-0.0024459993	0.9992397	-1.7804184e-13	1.7965793e-15	6.67487e-19	-1.7583085e-13	0.005273128	-0.004891671	0.9984795	3.535624e-07	-3.2798653e-07	1
0	0.0028533067	-0.0026419647	0.99917424	0	0	-0.070000045	0.0028533067	-0.0026419647	0.9991743	-1.7804161e-13	1.7963472e-15	6.9137917e-19	-1.7579903e-13	0.0057062306	-0.005283575	0.9983486	3.8261928e-07	-3.5427988e-07	1
0	0.0031067394	-0.0028704065	0.99909747	0	0	-0.074999906	0.0031067396	-0.0028704065	0.99909747	-1.7804132e-13	1.7960745e-15	7.177189e-19	-1.7576721e-13	0.006213062	-0.005740428	0.99819493	4.1662253e-07	-3.8493056e-07	1
0	0.0034114986	-0.003143811	0.99900544	0	0	-0.079999946	0.0034114986	-0.0031438114	0.99900544	-1.7804099e-13	1.7957482e-15	7.4703167e-19	-1.7573539e-13	0.0068225404	-0.0062872004	0.998011	4.5751239e-07	-4.216141e-07	1
0	0.00377975	-0.0034724488	0.998894	0	0	-0.08500003	0.00377975	-0.0034724488	0.99889404	-1.7804055e-13	1.7953524e-15	7.7996814e-19	-1.7570357e-13	0.007558993	-0.006944432	0.99778795	5.069207e-07	-4.6570827e-07	1
0	0.0042494773	-0.0038884436	0.99875426	0	0	-0.090000086	0.0042494773	-0.0038884436	0.99875414	-1.7804002e-13	1.7948563e-15	8.1758315e-19	-1.7567176e-13	0.008498385	-0.007776366	0.9975085	5.699442e-07	-5.215233e-07	1
0	0.004847452	-0.00441369	0.9985758	0	0	-0.09500003	0.004847452	-0.0044136895	0.9985758	-1.7803933e-13	1.7942227e-15	8.611766e-19	-1.7563995e-13	0.009694254	-0.008826787	0.9971516	6.5017434e-07	-5.9199664e-07	1
0	0.0056548277	-0.005114753	0.9983376	0	0	-0.10000009	0.0056548277	-0.005114753	0.9983376	-1.7803838e-13	1.7933771e-15	9.130085e-19	-1.7560814e-13	0.011308895	-0.010228819	0.99667525	7.584995e-07	-6.860594e-07	1
0	0.0068032388	-0.0060969545	0.998002	0	0	-0.10499983	0.0068032383	-0.006096954	0.998002	-1.7803706e-13	1.7921862e-15	9.767929e-19	-1.7557636e-13	0.013605565	-0.012193089	0.996004	9.125807e-07	-8.178423e-07	1
0	0.008581871	-0.007587068	0.9974869	0	0	-0.10999988	0.008581871	-0.0075870687	0.9974868	-1.7803493e-13	1.7903602e-15	1.0597692e-18	-1.7554456e-13	0.017162591	-0.015173119	0.9949736	1.1512163e-06	-1.0177711e-06	1
0	0.011895939	-0.0102817	0.9965414	0	0	-0.11499984	0.011895939	-0.0102817	0.9965413	-1.7803104e-13	1.7870187e-15	1.1810276e-18	-1.7551283e-13	0.023790281	-0.020562021	0.99308276	1.5958535e-06	-1.3793049e-06	1
0	0.0178826	-0.015047286	0.9945019	0	0	-0.11999989	0.0178826	-0.015047286	0.9945018	-1.7802258e-13	1.7798765e-15	1.3860108e-18	-1.7548112e-13	0.0357628	-0.030092554	0.98900366	2.39904e-06	-2.0186762e-06	1
0	0.019274859	-0.016178396	0.9938235	0	0	-0.125	0.019274859	-0.016178396	0.9938235	-1.7801982e-13	1.7775234e-15	1.4739897e-18	-1.7544947e-13	0.038547132	-0.03235462	0.98764694	2.5858265e-06	-2.170429e-06	1
0	0.01971367	-0.016537473	0.9935872	0	0	-0.13000007	0.01971367	-0.016537473	0.9935872	-1.7801884e-13	1.7767056e-15	1.5077233e-18	-1.754178e-13	0.039424695	-0.03307273	0.9871743	2.6446999e-06	-2.2186061e-06	1
0	0.020188184	-0.016927842	0.9933167	0	0	-0.13500017	0.020188184	-0.016927842	0.9933167	-1.7801774e-13	1.7757709e-15	1.5473367e-18	-1.753862e-13	0.04037366	-0.03385341	0.9866334	2.7083636e-06	-2.2709817e-06	1
0	0.020819513	-0.017448302	0.99294287	0	0	-0.14000009	0.020819513	-0.017448302	0.99294287	-1.7801621e-13	1.7744812e-15	1.6011242e-18	-1.7535462e-13	0.04163623	-0.034894265	0.9858857	2.7930653e-06	-2.3408102e-06	1
0	0.0215586	-0.018057942	0.9924897	0	0	-0.14500023	0.0215586	-0.018057942	0.9924898	-1.7801438e-13	1.7729218e-15	1.6643014e-18	-1.7532307e-13	0.04311431	-0.036113467	0.98497957	2.892224e-06	-2.4226038e-06	1
0	0.02230678	-0.01867516	0.99201506	0	0	-0.14999981	0.02230678	-0.018675163	0.99201506	-1.7801244e-13	1.7712924e-15	1.7287538e-18	-1.7529154e-13	0.044610567	-0.037347816	0.9840301	2.9926025e-06	-2.5054142e-06	1
0	0.023357905	-0.019541908	0.9913229	0	0	-0.15500008	0.023357905	-0.019541908	0.9913228	-1.7800963e-13	1.768925e-15	1.8191416e-18	-1.7526008e-13	0.046712674	-0.039081194	0.9826457	3.1336237e-06	-2.621701e-06	1
0	0.024423087	-0.020419547	0.9905917	0	0	-0.15999989	0.024423087	-0.020419547	0.9905917	-1.7800667e-13	1.7664362e-15	1.9107488e-18	-1.752287e-13	0.048842892	-0.040836357	0.9811834	3.276531e-06	-2.7394506e-06	1
0	0.025715528	-0.021483524	0.989664	0	0	-0.1650002	0.025715528	-0.021483526	0.98966396	-1.7800293e-13	1.7632944e-15	2.0221561e-18	-1.7519741e-13	0.051427603	-0.04296417	0.979328	3.4499276e-06	-2.8821994e-06	1
0	0.027449608	-0.02290915	0.9883497	0	0	-0.17000006	0.02744961	-0.02290915	0.9883496	-1.7799763e-13	1.7588769e-15	2.1710635e-18	-1.7516628e-13	0.054895535	-0.045815226	0.9766993	3.682573e-06	-3.0734668e-06	1
0	-0.0011081041	0.0008344692	0.0034590014	0	0	-0.17499986	-0.0011081041	0.0008344692	0.0034590017	-1.7803649e-13	1.7914889e-15	5.234153e-17	-1.7618879e-13	-0.0022160597	0.0016688263	-0.993082	-1.4872549e-07	1.11941496e-07	1
0	-0.0011135502	0.0008571561	0.003328591	0	0	-0.18000017	-0.0011135502	0.0008571561	0.003328591	-1.7803674e-13	1.7916939e-15	5.226562e-17	-1.7618894e-13	-0.0022269508	0.0017141972	-0.9933428	-1.4947591e-07	1.1503744e-07	1
0	-0.0010684122	0.0009387405	0.002488714	0	0	-0.18499996	-0.0010684123	0.0009387405	0.002488714	-1.7803821e-13	1.7929665e-15	5.150628e-17	-1.7619081e-13	-0.002136681	0.0018773549	-0.99502254	-1.4347424e-07	1.2603448e-07	1
0	-0.00058932486	0.00058143743	0.0010510328	0	0	-0.19000006	-0.00058932486	0.00058143743	0.0010510328	-1.780413e-13	1.795515e-15	5.2441577e-17	-1.7619207e-13	-0.0011785706	0.0011627969	-0.997898	-7.913036e-08	7.807086e-08	1
0	-0.0005826514	0.000575615	0.0009963037	0	0	-0.19499981	-0.00058265147	0.000575615	0.0009963036	-1.7804142e-13	1.7956146e-15	5.249121e-17	-1.7619207e-13	-0.0011652247	0.0011511525	-0.9980074	-7.824191e-08	7.729349e-08	1
0	-0.00056344434	0.0005560657	0.0007903674	0	0	-0.20499994	-0.00056344434	0.0005560657	0.0007903674	-1.7804192e-13	1.7960216e-15	5.183742e-17	-1.7619302e-13	-0.001126813	0.0011120567	-0.9984193	-7.566056e-08	7.467645e-08	1
0	-0.00047950825	0.00045020378	0.00019855388	0	0	-0.25499967	-0.00047950822	0.00045020375	0.00019855387	-1.780435e-13	1.7972936e-15	4.818629e-17	-1.761977e-13	-0.0009589521	0.000900347	-0.99960285	-6.441833e-08	6.048194e-08	1
0	-0.00045775276	0.00042963258	0.0001688587	0	0	-0.30500022	-0.00045775276	0.00042963258	0.0001688587	-1.7804356e-13	1.797363e-15	4.8198438e-17	-1.7619768e-13	-0.000915444	0.00085920736	-0.9996623	-6.154221e-08	5.776105e-08	1
0	-0.00043585218	0.00041148663	0.00014175577	0	0	-0.3549996	-0.00043585218	0.00041148666	0.00014175577	-1.780436e-13	1.7974253e-15	4.8176544e-17	-1.7619768e-13	-0.00087164564	0.00082291797	-0.9997165	-5.8649835e-08	5.53543e-08	1
0	-0.0004238184	0.00040536353	0.00012224335	0	0	-0.40499973	-0.0004238184	0.00040536348	0.00012224335	-1.7804366e-13	1.7974651e-15	4.7901576e-17	-1.7619796e-13	-0.0008475796	0.00081067247	-0.99975556	-5.7090624e-08	5.4564197e-08	1
0	-0.0003080844	0.00029057846	6.0884515e-05	0	0	-0.45500082	-0.00030808436	0.00029057846	6.0884515e-05	-1.7804376e-13	1.7976496e-15	4.7357506e-17	-1.7619857e-13	-0.0006161273	0.0005811178	-0.9998782	-4.1462954e-08	3.910696e-08	1
0	-0.00028334535	0.00026724584	5.4464235e-05	0	0	-0.5050003	-0.00028334535	0.00026724584	5.446423e-05	-1.7804376e-13	1.7976718e-15	4.7346336e-17	-1.7619857e-13	-0.0005666525	0.0005344557	-0.999891	-3.815083e-08	3.5983128e-08	1
0	-0.00026228194	0.00024737793	4.909272e-05	0	0	-0.55500025	-0.00026228194	0.00024737793	4.909272e-05	-1.7804375e-13	1.79769e-15	4.7336476e-17	-1.7619855e-13	-0.00052452856	0.00049472245	-0.99990183	-3.5330817e-08	3.3323165e-08	1
0	-0.00024413285	0.00023025743	4.4543634e-05	0	0	-0.60500026	-0.00024413285	0.00023025743	4.4543634e-05	-1.7804375e-13	1.7977059e-15	4.73277e-17	-1.7619855e-13	-0.00048823276	0.0004604838	-0.9999109	-3.2900985e-08	3.103105e-08	1
0	-0.00022833183	0.00021535112	4.0645748e-05	0	0	-0.6549993	-0.00022833183	0.00021535113	4.0645748e-05	-1.7804375e-13	1.7977194e-15	4.7319836e-17	-1.7619852e-13	-0.0004566329	0.00043067322	-0.9999187	-3.0785543e-08	2.903538e-08	1
0	-0.00021445271	0.00020225742	3.728027e-05	0	0	-0.70500124	-0.00021445271	0.00020225742	3.728027e-05	-1.7804371e-13	1.797731e-15	4.7312746e-17	-1.7619849e-13	-0.00042887652	0.00040448754	-0.9999255	-2.892741e-08	2.7282397e-08	1
0	-0.00020216152	0.0001906614	3.4346274e-05	0	0	-0.7549992	-0.00020216152	0.0001906614	3.4346274e-05	-1.7804371e-13	1.7977412e-15	4.7306327e-17	-1.7619849e-13	-0.00040429577	0.00038129705	-0.99993134	-2.7281875e-08	2.5729925e-08	1
0	-0.00019120355	0.00018032311	3.1769603e-05	0	0	-0.80500025	-0.00019120355	0.00018032311	3.1769603e-05	-1.7804368e-13	1.7977501e-15	4.7300474e-17	-1.7619847e-13	-0.00038238126	0.00036062184	-0.99993646	-2.5814844e-08	2.4345855e-08	1
0	-0.00018137132	0.00017104688	2.9495486e-05	0	0	-0.85500133	-0.00018137132	0.00017104688	2.9495488e-05	-1.7804367e-13	1.7977578e-15	4.729514e-17	-1.7619845e-13	-0.0003627181	0.00034207068	-0.99994105	-2.4498533e-08	2.3103983e-08	1
0	-0.0001725005	0.0001626777	2.7473618e-05	0	0	-0.9049992	-0.00017250051	0.0001626777	2.7473618e-05	-1.7804367e-13	1.7977645e-15	4.7290227e-17	-1.7619845e-13	-0.00034497769	0.00032533336	-0.99994504	-2.3310943e-08	2.1983539e-08	1
0	-0.00016445652	0.0001550886	2.5666e-05	0	0	-0.95500135	-0.00016445652	0.00015508861	2.5666e-05	-1.7804366e-13	1.7977709e-15	4.728571e-17	-1.7619844e-13	-0.0003288908	0.00031015623	-0.9999487	-2.2234055e-08	2.0967544e-08	1
0	-0.00015783228	0.00014883906	2.4199264e-05	0	0	-1	-0.00015783228	0.00014883906	2.4199266e-05	-1.7804366e-13	1.797776e-15	4.728194e-17	-1.7619844e-13	-0.00031564324	0.000297658	-0.9999516	-2.1347244e-08	2.013089e-08	1
0	-0.00016522389	0.00015581238	2.5838943e-05	0	0	-0.94999886	-0.00016522387	0.00015581238	2.5838943e-05	-1.7804366e-13	1.7977705e-15	4.7286147e-17	-1.7619844e-13	-0.0003304254	0.0003116037	-0.99994826	-2.233678e-08	2.1064437e-08	1
0	-0.00017334413	0.00016347347	2.7665226e-05	0	0	-0.900001	-0.00017334413	0.00016347345	2.7665226e-05	-1.7804367e-13	1.7977641e-15	4.7290693e-17	-1.7619845e-13	-0.00034666483	0.0003269248	-0.9999447	-2.3423878e-08	2.2090067e-08	1
0	-0.00018230412	0.00017192676	2.9710916e-05	0	0	-0.849999	-0.00018230412	0.00017192677	2.9710916e-05	-1.7804367e-13	1.7977571e-15	4.729565e-17	-1.7619845e-13	-0.00036458363	0.00034383032	-0.99994063	-2.4623406e-08	2.3221768e-08	1
0	-0.00019224043	0.0001813012	3.2014243e-05	0	0	-0.8000007	-0.00019224043	0.0001813012	3.2014243e-05	-1.7804368e-13	1.797749e-15	4.730104e-17	-1.7619847e-13	-0.00038445494	0.00036257794	-0.99993604	-2.595365e-08	2.4476794e-08	1
0	-0.0002033213	0.00019175542	3.4620876e-05	0	0	-0.75	-0.0002033213	0.00019175545	3.4620876e-05	-1.7804371e-13	1.7977402e-15	4.7306942e-17	-1.7619849e-13	-0.00040661515	0.00038348496	-0.9999308	-2.7437135e-08	2.5876393e-08	1
0	-0.00021575775	0.00020348834	3.75963e-05	0	0	-0.69999945	-0.00021575775	0.00020348834	3.75963e-05	-1.7804374e-13	1.7977302e-15	4.7313427e-17	-1.761985e-13	-0.0004314864	0.0004069493	-0.9999248	-2.9102118e-08	2.7447186e-08	1
0	-0.0002298138	0.000216749	4.1008712e-05	0	0	-0.6500008	-0.0002298138	0.000216749	4.100871e-05	-1.7804375e-13	1.7977184e-15	4.732058e-17	-1.7619855e-13	-0.00045959663	0.00043346878	-0.99991804	-3.098394e-08	2.9222527e-08	1
0	-0.00024582684	0.00023185523	4.4966277e-05	0	0	-0.59999925	-0.00024582684	0.00023185523	4.4966273e-05	-1.7804375e-13	1.7977044e-15	4.7328535e-17	-1.7619855e-13	-0.00049162057	0.0004636792	-0.99991006	-3.312778e-08	3.124496e-08	1
0	-0.00026423857	0.00024922326	4.9589144e-05	0	0	-0.5499998	-0.00026423857	0.00024922326	4.9589144e-05	-1.7804375e-13	1.7976885e-15	4.733741e-17	-1.7619855e-13	-0.00052844157	0.00049841293	-0.9999008	-3.559277e-08	3.3570213e-08	1
0	-0.0002856297	0.0002694002	5.5053126e-05	0	0	-0.5	-0.00028562974	0.00026940016	5.5053126e-05	-1.7804376e-13	1.7976695e-15	4.7347388e-17	-1.7619857e-13	-0.000571221	0.00053876406	-0.9998899	-3.8456665e-08	3.6271548e-08	1
0	-0.00031078694	0.00029312624	6.159589e-05	0	0	-0.4500005	-0.00031078694	0.00029312624	6.1595885e-05	-1.7804376e-13	1.7976468e-15	4.73587e-17	-1.7619859e-13	-0.00062153203	0.000586213	-0.99987686	-4.1824777e-08	3.9448054e-08	1
0	-0.00034079904	0.00032142585	6.95406e-05	0	0	-0.40000036	-0.00034079904	0.00032142582	6.9540605e-05	-1.7804376e-13	1.7976193e-15	4.7371628e-17	-1.761986e-13	-0.0006815522	0.00064280845	-0.9998609	-4.5842903e-08	4.323689e-08	1
0	-0.00037722857	0.00035576808	7.936256e-05	0	0	-0.34999973	-0.00037722857	0.00035576808	7.936256e-05	-1.7804376e-13	1.7975852e-15	4.738657e-17	-1.7619861e-13	-0.00075440644	0.0007114883	-0.9998413	-5.0720224e-08	4.7834746e-08	1
0	-0.00042236815	0.0003983055	9.176304e-05	0	0	-0.29999962	-0.00042236812	0.0003983055	9.176303e-05	-1.7804378e-13	1.7975422e-15	4.7404057e-17	-1.7619866e-13	-0.00084467954	0.0007965575	-0.9998165	-5.6763703e-08	5.3529824e-08	1
0	-0.0004797761	0.00045237495	0.0001078339	0	0	-0.25	-0.0004797761	0.00045237495	0.0001078339	-1.7804376e-13	1.797486e-15	4.742484e-17	-1.7619868e-13	-0.00095948775	0.0009046891	-0.99978435	-6.444976e-08	6.0768855e-08	1
0	-0.00056411745	0.00053174264	0.00013192039	0	0	-0.19499981	-0.00056411745	0.00053174264	0.00013192037	-1.7804375e-13	1.7974024e-15	4.7452834e-17	-1.7619872e-13	-0.001128159	0.0010634139	-0.9997362	-7.574181e-08	7.139494e-08	1
0	-0.00057328556	0.00054036494	0.00013456514	0	0	-0.19000006	-0.0005732855	0.00054036494	0.00013456514	-1.7804375e-13	1.7973927e-15	4.7455716e-17	-1.7619874e-13	-0.0011464941	0.0010806574	-0.99973094	-7.696929e-08	7.2549334e-08	1
0	-0.00058274914	0.00054926355	0.00013730087	0	0	-0.18499996	-0.00058274914	0.00054926355	0.00013730087	-1.7804375e-13	1.7973834e-15	4.7458657e-17	-1.7619875e-13	-0.00116542	0.0010984534	-0.9997254	-7.8236326e-08	7.374072e-08	1
0	-0.0005925268	0.00055845646	0.00014013326	0	0	-0.18000017	-0.00059252686	0.00055845646	0.00014013326	-1.7804375e-13	1.7973732e-15	4.7461668e-17	-1.7619875e-13	-0.0011849742	0.001116838	-0.9997196	-7.9545416e-08	7.49715e-08	1
0	-0.00060264685	0.00056796963	0.00014307174	0	0	-0.17499986	-0.00060264685	0.00056796963	0.00014307174	-1.7804375e-13	1.7973628e-15	4.7464752e-17	-1.7619876e-13	-0.0012052129	0.001135863	-0.99971384	-8.090035e-08	7.624517e-08	1
0	-0.0006131165	0.00057781	0.00014611497	0	0	-0.17000006	-0.0006131165	0.00057781	0.00014611497	-1.7804375e-13	1.7973525e-15	4.7467902e-17	-1.7619876e-13	-0.0012261507	0.0011555423	-0.9997077	-8.230207e-08	7.7562646e-08	1
0	-0.0006239468	0.000587988	0.00014927197	0	0	-0.1650002	-0.0006239468	0.000587988	0.00014927197	-1.7804374e-13	1.7973412e-15	4.747112e-17	-1.7619876e-13	-0.0012478097	0.0011758972	-0.99970144	-8.3752084e-08	7.892532e-08	1
0	-0.0006351815	0.00059854373	0.0001525493	0	0	-0.15999989	-0.0006351815	0.0005985437	0.0001525493	-1.7804374e-13	1.7973298e-15	4.7474427e-17	-1.7619878e-13	-0.0012702777	0.0011970069	-0.9996949	-8.525626e-08	8.0338566e-08	1
0	-0.0006468223	0.00060947944	0.00015595295	0	0	-0.15500008	-0.00064682233	0.00060947944	0.00015595295	-1.7804371e-13	1.797318e-15	4.7477808e-17	-1.7619875e-13	-0.0012935577	0.001218877	-0.9996881	-8.68148e-08	8.180268e-08	1
0	-0.00065889215	0.00062081614	0.00015948708	0	0	-0.14999981	-0.0006588921	0.0006208162	0.0001594871	-1.7804371e-13	1.7973057e-15	4.7481272e-17	-1.7619876e-13	-0.0013176957	0.001241549	-0.999681	-8.843078e-08	8.33205e-08	1
0	-0.00067143067	0.00063259096	0.00016316766	0	0	-0.14500023	-0.0006714307	0.00063259096	0.00016316766	-1.7804368e-13	1.7972925e-15	4.748483e-17	-1.7619875e-13	-0.0013427712	0.001265097	-0.99967366	-9.0109516e-08	8.489695e-08	1
0	-0.0006844484	0.00064481306	0.00016699475	0	0	-0.14000009	-0.0006844484	0.000644813	0.00016699475	-1.7804368e-13	1.7972792e-15	4.7488472e-17	-1.7619876e-13	-0.0013688048	0.0012895396	-0.99966604	-9.18524e-08	8.6533305e-08	1
0	-0.0006979756	0.00065751106	0.00017097927	0	0	-0.13500017	-0.0006979756	0.0006575111	0.00017097927	-1.7804368e-13	1.797265e-15	4.749221e-17	-1.7619878e-13	-0.0013958575	0.0013149338	-0.999658	-9.366349e-08	8.8233364e-08	1
0	-0.000712052	0.0006707215	0.00017513224	0	0	-0.13000007	-0.000712052	0.00067072164	0.00017513223	-1.7804367e-13	1.7972508e-15	4.7496042e-17	-1.7619878e-13	-0.0014240084	0.0013413529	-0.99964976	-9.5548124e-08	9.000203e-08	1
0	-0.00072670076	0.0006844674	0.00017946483	0	0	-0.125	-0.00072670076	0.0006844673	0.00017946483	-1.7804367e-13	1.7972356e-15	4.7499983e-17	-1.7619879e-13	-0.0014533041	0.001368843	-0.99964106	-9.750938e-08	9.184239e-08	1
0	-0.00074198813	0.0006988062	0.0001839883	0	0	-0.11999989	-0.0007419881	0.0006988062	0.0001839883	-1.7804366e-13	1.7972197e-15	4.7504026e-17	-1.7619879e-13	-0.0014838767	0.0013975184	-0.999632	-9.955615e-08	9.376215e-08	1
0	-0.0007579197	0.000713747	0.00018871161	0	0	-0.11499984	-0.0007579196	0.000713747	0.00018871162	-1.7804366e-13	1.797203e-15	4.750819e-17	-1.761988e-13	-0.0015157376	0.0014273982	-0.9996226	-1.0168917e-07	9.576247e-08	1
0	-0.00077449507	0.0007292902	0.00019364926	0	0	-0.10999988	-0.00077449507	0.0007292902	0.00019364926	-1.7804366e-13	1.797186e-15	4.7512457e-17	-1.761988e-13	-0.0015488863	0.0014584825	-0.9996127	-1.03908334e-07	9.784345e-08	1
0	-0.0007919333	0.0007456314	0.00019882606	0	0	-0.10499983	-0.0007919333	0.0007456314	0.00019882606	-1.7804364e-13	1.7971678e-15	4.751685e-17	-1.7619882e-13	-0.0015837603	0.0014911627	-0.9996023	-1.0624311e-07	1.00031315e-07	1
0	-0.0008101078	0.0007626613	0.00020424384	0	0	-0.10000009	-0.0008101079	0.0007626613	0.00020424384	-1.7804364e-13	1.7971485e-15	4.7521374e-17	-1.7619883e-13	-0.0016201071	0.0015252203	-0.99959147	-1.0867643e-07	1.02311354e-07	1
0	-0.0008291432	0.0007804915	0.00020992424	0	0	-0.09500003	-0.0008291433	0.0007804915	0.00020992424	-1.7804362e-13	1.7971286e-15	4.7526033e-17	-1.7619885e-13	-0.0016581751	0.0015608784	-0.99958014	-1.11225e-07	1.0469854e-07	1
0	-0.00084908	0.00079916004	0.0002158878	0	0	-0.090000086	-0.00084908	0.00079916	0.00021588782	-1.7804359e-13	1.7971079e-15	4.753083e-17	-1.7619883e-13	-0.001698046	0.0015982129	-0.9995682	-1.13894245e-07	1.07197955e-07	1
0	-0.0008700099	0.0008187514	0.000222156	0	0	-0.08500003	-0.0008700099	0.00081875134	0.00022215598	-1.7804357e-13	1.7970856e-15	4.753578e-17	-1.7619883e-13	-0.001739903	0.001637393	-0.99955565	-1.1669646e-07	1.09820924e-07	1
0	-0.00089200406	0.0008393311	0.00022875324	0	0	-0.079999946	-0.00089200406	0.0008393311	0.00022875324	-1.7804355e-13	1.7970628e-15	4.754088e-17	-1.7619883e-13	-0.0017838886	0.0016785497	-0.9995425	-1.1964119e-07	1.1257625e-07	1
0	-0.0009151422	0.0008609727	0.00023570374	0	0	-0.074999906	-0.0009151421	0.0008609727	0.00023570373	-1.7804353e-13	1.7970382e-15	4.7546143e-17	-1.7619885e-13	-0.0018301615	0.0017218296	-0.9995286	-1.2273907e-07	1.1547369e-07	1
0	-0.0009394931	0.0008837393	0.00024303254	0	0	-0.070000045	-0.0009394931	0.0008837394	0.00024303254	-1.7804352e-13	1.7970124e-15	4.755158e-17	-1.7619885e-13	-0.0018788604	0.00176736	-0.999514	-1.259993e-07	1.185218e-07	1
0	-0.0009652044	0.0009077677	0.00025077726	0	0	-0.065000035	-0.0009652043	0.0009077676	0.0002507773	-1.7804352e-13	1.796985e-15	4.7557198e-17	-1.7619886e-13	-0.0019302793	0.0018154135	-0.9994984	-1.2944169e-07	1.2173882e-07	1
0	-0.0009923498	0.00093312335	0.00025896615	0	0	-0.059999947	-0.0009923498	0.00093312335	0.00025896615	-1.7804348e-13	1.7969563e-15	4.7563008e-17	-1.7619886e-13	-0.0019845667	0.0018661214	-0.9994821	-1.3307609e-07	1.2513357e-07	1
0	-0.0010210666	0.0009599329	0.00026764147	0	0	-0.05499994	-0.0010210666	0.0009599329	0.00026764147	-1.7804345e-13	1.7969258e-15	4.7569023e-17	-1.7619886e-13	-0.0020419962	0.0019197372	-0.9994647	-1.3692087e-07	1.2872295e-07	1
0	-0.0010514967	0.0009883266	0.00027684937	0	0	-0.050000045	-0.0010514968	0.0009883266	0.00027684937	-1.7804343e-13	1.7968934e-15	4.7575253e-17	-1.7619887e-13	-0.0021028528	0.0019765205	-0.9994463	-1.4099507e-07	1.3252442e-07	1
0	-0.0010838122	0.0010184641	0.00028663507	0	0	-0.045000043	-0.0010838122	0.0010184641	0.00028663507	-1.7804341e-13	1.796859e-15	4.7581712e-17	-1.7619889e-13	-0.0021674791	0.0020367918	-0.9994267	-1.4532166e-07	1.3655936e-07	1
0	-0.0011181661	0.0010504819	0.00029705447	0	0	-0.039999973	-0.0011181661	0.0010504819	0.0002970545	-1.780434e-13	1.7968222e-15	4.758841e-17	-1.7619891e-13	-0.0022361823	0.002100823	-0.99940586	-1.499212e-07	1.4084605e-07	1
0	-0.0011547664	0.001084571	0.00030816952	0	0	-0.035000023	-0.0011547664	0.001084571	0.00030816952	-1.7804336e-13	1.796783e-15	4.7595364e-17	-1.7619889e-13	-0.0023093782	0.0021689967	-0.9993837	-1.5482148e-07	1.4541006e-07	1
0	-0.0011938502	0.0011209488	0.00032005308	0	0	-0.029999973	-0.0011938503	0.0011209488	0.00032005308	-1.780433e-13	1.7967413e-15	4.7602606e-17	-1.761989e-13	-0.0023875404	0.0022417475	-0.99935985	-1.6005426e-07	1.5028047e-07	1
0	-0.0012357146	0.0011598845	0.00033278432	0	0	-0.025000023	-0.0012357145	0.0011598844	0.00033278432	-1.7804326e-13	1.796696e-15	4.7610127e-17	-1.7619891e-13	-0.0024712635	0.0023196132	-0.99933445	-1.6565933e-07	1.5549337e-07	1
0	-0.0012805067	0.0012015114	0.00034644443	0	0	-0.019999987	-0.0012805068	0.0012015114	0.00034644443	-1.7804322e-13	1.7966484e-15	4.7617962e-17	-1.7619891e-13	-0.0025608419	0.0024028616	-0.99930716	-1.7165635e-07	1.6106651e-07	1
0	-0.001328869	0.0012464164	0.00036116643	0	0	-0.014999987	-0.001328869	0.0012464165	0.00036116643	-1.7804318e-13	1.7965965e-15	4.762614e-17	-1.7619893e-13	-0.0026575602	0.0024926658	-0.9992778	-1.7813146e-07	1.6707864e-07	1
0	-0.0013810671	0.0012948341	0.00037705756	0	0	-0.009999993	-0.0013810671	0.0012948341	0.00037705756	-1.7804314e-13	1.7965402e-15	4.763467e-17	-1.7619897e-13	-0.0027619493	0.0025894947	-0.9992459	-1.8512013e-07	1.7356108e-07	1
0	-0.0014372496	0.0013469036	0.00039423778	0	0	-0.0049999966	-0.0014372495	0.0013469036	0.00039423778	-1.7804309e-13	1.7964796e-15	4.7643595e-17	-1.7619895e-13	-0.0028743066	0.0026936268	-0.99921155	-1.9264216e-07	1.8053234e-07	1
0	-0.0014983885	0.0014035015	0.00041290515	0	0	9.887924e-17	-0.0014983885	0.0014035015	0.00041290518	-1.7804305e-13	1.796414e-15	4.7652932e-17	-1.76199e-13	-0.002996576	0.0028068149	-0.9991742	-2.0082788e-07	1.8810994e-07	1
0	-0.0015648605	0.0014649618	0.00043323988	0	0	0.0049999966	-0.0015648605	0.0014649618	0.00043323988	-1.7804296e-13	1.7963422e-15	4.766273e-17	-1.7619898e-13	-0.0031295111	0.0029297273	-0.9991335	-2.0972755e-07	1.963385e-07	1
0	-0.0016372581	0.0015318206	0.00045545117	0	0	0.009999993	-0.0016372581	0.0015318206	0.00045545117	-1.780429e-13	1.7962634e-15	4.767301e-17	-1.76199e-13	-0.0032742969	0.0030634361	-0.99908906	-2.1942053e-07	2.0528974e-07	1
0	-0.0017179188	0.0016061964	0.00047994504	0	0	0.014999987	-0.001717919	0.0016061964	0.00047994504	-1.7804283e-13	1.796177e-15	4.768383e-17	-1.7619901e-13	-0.0034356075	0.0032121774	-0.9990401	-2.3022017e-07	2.1524772e-07	1
0	-0.0018061763	0.0016874598	0.00050690083	0	0	0.019999987	-0.0018061763	0.0016874598	0.00050690083	-1.7804273e-13	1.7960817e-15	4.7695228e-17	-1.7619902e-13	-0.0036121106	0.0033746937	-0.99898624	-2.420367e-07	2.261277e-07	1
0	-0.0019035735	0.0017769868	0.000536748	0	0	0.025000023	-0.0019035735	0.0017769866	0.000536748	-1.7804261e-13	1.7959762e-15	4.770726e-17	-1.7619903e-13	-0.003806892	0.0035537356	-0.99892646	-2.5507686e-07	2.3811388e-07	1
0	-0.002012592	0.0018770132	0.00057005096	0	0	0.029999973	-0.002012592	0.0018770131	0.00057005096	-1.7804252e-13	1.7958583e-15	4.7719997e-17	-1.7619905e-13	-0.0040249145	0.0037537748	-0.9988599	-2.6967302e-07	2.515059e-07	1
0	-0.0021351632	0.001989244	0.00060742133	0	0	0.035000023	-0.0021351632	0.001989244	0.00060742133	-1.780424e-13	1.7957264e-15	4.7733506e-17	-1.7619906e-13	-0.0042700404	0.003978221	-0.99878514	-2.8608372e-07	2.6653197e-07	1
0	-0.0022737568	0.002115852	0.0006496341	0	0	0.039999973	-0.0022737568	0.002115852	0.0006496341	-1.7804223e-13	1.7955767e-15	4.774786e-17	-1.761991e-13	-0.0045472085	0.0042314203	-0.9987007	-3.0463974e-07	2.8348296e-07	1
0	-0.002431531	0.0022595918	0.0006976791	0	0	0.045000043	-0.002431531	0.0022595918	0.0006976791	-1.7804207e-13	1.7954066e-15	4.7763166e-17	-1.7619909e-13	-0.0048627364	0.0045188814	-0.9986047	-3.2576372e-07	3.0272764e-07	1
0	-0.0026121852	0.0024237316	0.0007527926	0	0	0.050000045	-0.0026121852	0.0024237316	0.0007527926	-1.7804187e-13	1.7952112e-15	4.777953e-17	-1.7619912e-13	-0.00522402	0.0048471387	-0.9984944	-3.4995094e-07	3.247034e-07	1
0	-0.0028240709	0.0026155696	0.0008169327	0	0	0.05499994	-0.0028240709	0.0026155696	0.0008169327	-1.7804164e-13	1.794984e-15	4.779709e-17	-1.7619914e-13	-0.005647763	0.005230789	-0.9983662	-3.7831995e-07	3.503879e-07	1
0	-0.003071427	0.0028386675	0.0008921233	0	0	0.059999947	-0.003071427	0.0028386675	0.0008921233	-1.7804137e-13	1.7947178e-15	4.7816e-17	-1.7619918e-13	-0.006142442	0.005676955	-0.99821573	-4.1143775e-07	3.802573e-07	1
0	-0.0033672925	0.0031043224	0.0009817893	0	0	0.065000035	-0.0033672925	0.0031043224	0.0009817893	-1.7804103e-13	1.7943997e-15	4.7836434e-17	-1.761992e-13	-0.0067341337	0.006208229	-0.9980364	-4.5105037e-07	4.158245e-07	1
0	-0.0037320883	0.003429943	0.0010910733	0	0	0.070000045	-0.003732088	0.003429943	0.0010910732	-1.780406e-13	1.794012e-15	4.7858606e-17	-1.7619922e-13	-0.0074636764	0.0068594255	-0.99781793	-4.9989256e-07	4.5942085e-07	1
0	-0.004183804	0.0038305048	0.0012264256	0	0	0.074999906	-0.004183804	0.0038305048	0.0012264256	-1.7804009e-13	1.7935317e-15	4.788277e-17	-1.7619928e-13	-0.008367048	0.007660497	-0.99754715	-5.6037203e-07	5.130506e-07	1
0	-0.0047621964	0.0043391725	0.0013990768	0	0	0.079999946	-0.0047621964	0.0043391725	0.0013990768	-1.7803943e-13	1.7929193e-15	4.7909222e-17	-1.7619932e-13	-0.009523755	0.008677763	-0.9972018	-6.3781204e-07	5.811542e-07	1
0	-0.0055365316	0.0050127106	0.0016281204	0	0	0.08500003	-0.0055365316	0.0050127106	0.0016281204	-1.7803852e-13	1.7921068e-15	4.7938237e-17	-1.7619936e-13	-0.011072322	0.010024749	-0.9967438	-7.414871e-07	6.7133215e-07	1
0	-0.0066265794	0.005947315	0.0019479562	0	0	0.090000086	-0.0066265794	0.005947315	0.0019479562	-1.7803725e-13	1.790973e-15	4.7970027e-17	-1.7619943e-13	-0.013252272	0.011893835	-0.99610406	-8.8743286e-07	7.9646406e-07	1
0	-0.0082871895	0.0073435525	0.0024315575	0	0	0.09500003	-0.0082871895	0.0073435525	0.0024315575	-1.7803527e-13	1.7892595e-15	4.8004232e-17	-1.7619948e-13	-0.016573269	0.014686121	-0.99513686	-1.1097713e-06	9.834032e-07	1
0	-0.011320795	0.009820151	0.0032954302	0	0	0.10000009	-0.011320795	0.00982015	0.0032954302	-1.7803173e-13	1.786207e-15	4.8037217e-17	-1.7619958e-13	-0.022640076	0.019638985	-0.99340916	-1.5159453e-06	1.3149946e-06	1
0	-0.017595747	0.014805559	0.005314219	0	0	0.10499983	-0.017595747	0.014805559	0.005314219	-1.7802335e-13	1.7791364e-15	4.804849e-17	-1.7619971e-13	-0.035189137	0.029609136	-0.98937154	-2.3560783e-06	1.9824697e-06	1
0	-0.019257808	0.016158069	0.0061164033	0	0	0.10999988	-0.019257808	0.016158067	0.0061164033	-1.7802005e-13	1.7763539e-15	4.8074397e-17	-1.761999e-13	-0.03851304	0.032313973	-0.98776716	-2.5784036e-06	2.1633846e-06	1
0	-0.019793874	0.016596472	0.0064022867	0	0	0.11499984	-0.019793874	0.016596472	0.0064022867	-1.7801887e-13	1.7753656e-15	4.8087324e-17	-1.7620012e-13	-0.0395851	0.03319072	-0.98719543	-2.6499415e-06	2.2218858e-06	1
0	-0.020251123	0.01697242	0.0066609937	0	0	0.11999989	-0.020251123	0.01697242	0.0066609937	-1.7801782e-13	1.7744725e-15	4.8100374e-17	-1.7620034e-13	-0.040499534	0.03394257	-0.98667806	-2.7109168e-06	2.2720155e-06	1
0	-0.020899864	0.017506994	0.007042785	0	0	0.125	-0.020899864	0.017506994	0.007042785	-1.7801627e-13	1.7731567e-15	4.8118866e-17	-1.7620061e-13	-0.041796938	0.035011645	-0.98591435	-2.7975118e-06	2.343369e-06	1
0	-0.021549607	0.018042823	0.0074386313	0	0	0.13000007	-0.021549605	0.018042821	0.007438631	-1.7801465e-13	1.7717955e-15	4.8136813e-17	-1.7620089e-13	-0.04309633	0.03608323	-0.98512274	-2.884226e-06	2.4148785e-06	1
0	-0.022430655	0.01876943	0.007994285	0	0	0.13500017	-0.022430653	0.01876943	0.007994285	-1.7801239e-13	1.7698902e-15	4.8159458e-17	-1.7620122e-13	-0.044858303	0.037536345	-0.9840115	-3.0018798e-06	2.5119068e-06	1
0	-0.023504367	0.019654283	0.008698288	0	0	0.14000009	-0.023504367	0.019654283	0.008698287	-1.7800953e-13	1.7674858e-15	4.818393e-17	-1.7620161e-13	-0.047005583	0.039305937	-0.9826033	-3.1452942e-06	2.6300945e-06	1
0	-0.024550734	0.020515963	0.0094135	0	0	0.14500023	-0.024550734	0.020515963	0.009413499	-1.7800664e-13	1.7650542e-15	4.82053e-17	-1.7620208e-13	-0.049098182	0.041029185	-0.9811729	-3.2850241e-06	2.7451604e-06	1
0	-0.02607664	0.021771176	0.010507639	0	0	0.14999981	-0.02607664	0.021771176	0.010507638	-1.7800223e-13	1.7613563e-15	4.8231307e-17	-1.7620268e-13	-0.052149788	0.04353944	-0.9789848	-3.4888863e-06	2.9128569e-06	1
0	-0.027868278	0.023242656	0.011870105	0	0	0.15500008	-0.027868278	0.023242656	0.011870106	-1.7799676e-13	1.7567912e-15	4.8253614e-17	-1.7620344e-13	-0.055732828	0.046482205	-0.97625977	-3.7282614e-06	3.1094562e-06	1
0	-0.03145612	0.026180912	0.014856106	0	0	0.15999989	-0.03145612	0.026180914	0.014856106	-1.7798493e-13	1.7469497e-15	4.8266568e-17	-1.7620488e-13	-0.06290804	0.05235832	-0.9702878	-4.2078586e-06	3.5022235e-06	1
0	0.0007215663	-0.0004573228	0.9931221	0	0	0.1650002	0.0007215664	-0.00045732278	0.9931221	-1.7803119e-13	1.7882896e-15	5.024323e-18	-1.772817e-13	0.0014430365	-0.0009145844	0.986244	9.6372545e-08	-6.11566e-08	1
0	0.00092668843	-0.0005084188	0.99374706	0	0	0.17000006	0.00092668843	-0.0005084188	0.99374706	-1.7803199e-13	1.7889666e-15	5.125248e-18	-1.7731404e-13	0.0018532529	-0.0010167696	0.9874941	1.2388954e-07	-6.800271e-08	1
0	0.0010353597	-0.00054324395	0.9943914	0	0	0.17499986	0.0010353596	-0.00054324395	0.9943914	-1.7803292e-13	1.789787e-15	5.2034417e-18	-1.7734645e-13	0.0020705808	-0.0010864153	0.988783	1.3847725e-07	-7.266267e-08	1
0	0.001256017	-0.0009919434	0.99698085	0	0	0.18000017	0.001256017	-0.0009919434	0.99698085	-1.7803745e-13	1.793667e-15	5.4261857e-18	-1.773815e-13	0.002511866	-0.001983754	0.9939618	1.6802784e-07	-1.3266265e-07	1
0	0.0012677765	-0.0010188728	0.99714655	0	0	0.18499996	0.0012677765	-0.0010188728	0.9971465	-1.780377e-13	1.793889e-15	5.3866196e-18	-1.7741353e-13	0.0025353832	-0.0020376092	0.994293	1.6959825e-07	-1.3627124e-07	1
0	0.0012806638	-0.0010947313	0.9979089	0	0	0.19000006	0.001280664	-0.0010947314	0.99790895	-1.7803887e-13	1.7948942e-15	4.455514e-18	-1.774473e-13	0.0025611562	-0.0021893163	0.9958178	1.7135451e-07	-1.4645506e-07	1
0	0.0012365326	-0.0010753869	0.99822253	0	0	0.19499981	0.0012365325	-0.0010753869	0.99822253	-1.780394e-13	1.7953516e-15	4.4566916e-18	-1.7747956e-13	0.0024728994	-0.0021506296	0.9964452	1.6549122e-07	-1.4390677e-07	1
0	0.0008736879	-0.00078746275	0.99899316	0	0	0.20499994	0.0008736879	-0.0007874628	0.9989931	-1.7804134e-13	1.796969e-15	4.531824e-18	-1.7754441e-13	0.0017472589	-0.0015748201	0.9979862	1.16991174e-07	-1.0545031e-07	1
0	0.0006734529	-0.0006033975	0.999416	0	0	0.25499967	0.0006734529	-0.0006033975	0.99941605	-1.7804249e-13	1.7978922e-15	2.2126244e-18	-1.778658e-13	0.0013468157	-0.0012067143	0.9988321	9.01433e-08	-8.076111e-08	1
0	0.0004184591	-0.00039196067	0.9998334	0	0	0.30500022	0.0004184591	-0.00039196064	0.9998334	-1.7804355e-13	1.7987812e-15	1.0061764e-18	-1.7818632e-13	0.00083686225	-0.0007838689	0.9996668	5.593132e-08	-5.238892e-08	1
0	0.00040189663	-0.00037599678	0.9998606	0	0	0.3549996	0.00040189663	-0.00037599678	0.9998606	-1.7804359e-13	1.7988413e-15	1.0088855e-18	-1.7850481e-13	0.00080373965	-0.0007519434	0.99972105	5.3705993e-08	-5.0249618e-08	1
0	0.00032851982	-0.0003098476	0.9999338	0	0	0.40499973	0.00032851982	-0.0003098476	0.9999337	-1.7804376e-13	1.7990273e-15	1.8674207e-19	-1.7882427e-13	0.0006569958	-0.0006196538	0.9998675	4.386491e-08	-4.1371756e-08	1
0	0.00030054088	-0.00028346395	0.99994105	0	0	0.45500082	0.00030054088	-0.00028346395	0.99994105	-1.7804376e-13	1.7990525e-15	1.7378584e-19	-1.7914277e-13	0.00060104165	-0.00056689006	0.99988216	4.011101e-08	-3.783189e-08	1
0	0.00027695025	-0.00026121375	0.9999472	0	0	0.5050003	0.00027695025	-0.00026121375	0.9999472	-1.7804376e-13	1.7990734e-15	1.6244722e-19	-1.7946126e-13	0.00055386353	-0.0005223927	0.9998943	3.6945895e-08	-3.484662e-08	1
0	0.0002567934	-0.00024220052	0.9999523	0	0	0.55500025	0.0002567934	-0.00024220052	0.9999523	-1.7804375e-13	1.7990914e-15	1.5243552e-19	-1.7977975e-13	0.0005135526	-0.0004843687	0.99990463	3.424151e-08	-3.2295663e-08	1
0	0.0002393701	-0.00022576438	0.99995667	0	0	0.60500026	0.0002393701	-0.00022576438	0.9999567	-1.7804375e-13	1.7991065e-15	1.4352693e-19	-1.8009825e-13	0.00047870827	-0.0004514987	0.9999133	3.1903877e-08	-3.009048e-08	1
0	0.00022416103	-0.0002114163	0.9999604	0	0	0.6549993	0.00022416102	-0.00021141629	0.9999604	-1.7804374e-13	1.7991192e-15	1.3554647e-19	-1.8041673e-13	0.00044829224	-0.00042280444	0.9999207	2.9863344e-08	-2.8165468e-08	1
0	0.00021076761	-0.00019878076	0.99996364	0	0	0.70500124	0.00021076761	-0.00019878075	0.9999636	-1.7804371e-13	1.7991304e-15	1.2835483e-19	-1.807352e-13	0.0004215072	-0.00039753504	0.9999272	2.8066417e-08	-2.6470223e-08	1
0	0.00019888474	-0.00018757003	0.9999664	0	0	0.7549992	0.00019888474	-0.00018757001	0.9999664	-1.7804371e-13	1.7991403e-15	1.218399e-19	-1.8105371e-13	0.000397743	-0.00037511508	0.9999328	2.6472167e-08	-2.4966146e-08	1
0	0.00018826821	-0.00017755371	0.999969	0	0	0.80500025	0.00018826821	-0.00017755371	0.99996895	-1.7804368e-13	1.799149e-15	1.1590987e-19	-1.8137218e-13	0.00037651137	-0.0003550838	0.9999378	2.5047823e-08	-2.3622333e-08	1
0	0.00017872779	-0.00016855287	0.99997115	0	0	0.85500133	0.0001787278	-0.00016855287	0.99997115	-1.7804367e-13	1.7991564e-15	1.1048937e-19	-1.8169067e-13	0.00035743183	-0.0003370833	0.9999422	2.3767859e-08	-2.2414765e-08	1
0	0.0001701081	-0.0001604206	0.99997306	0	0	0.9049992	0.0001701081	-0.0001604206	0.99997306	-1.7804367e-13	1.7991628e-15	1.0551558e-19	-1.8200918e-13	0.00034019363	-0.00032081993	0.99994606	2.2611436e-08	-2.132374e-08	1
0	0.00016228064	-0.00015303586	0.9999748	0	0	0.95500135	0.00016228064	-0.00015303586	0.9999748	-1.7804366e-13	1.7991693e-15	1.0093553e-19	-1.8232768e-13	0.00032453972	-0.0003060514	0.99994963	2.1561307e-08	-2.033301e-08	1
