# t (s)	mx ()	my ()	mz ()	B_extx (T)	B_exty (T)	B_extz (T)	mx ()	my ()	mz ()	E_anis (J)	E_demag (J)	E_exch (J)	E_total (J)	m_zrange1_x ()	m_zrange1_y ()	m_zrange1_z ()	m_zrange0_x ()	m_zrange0_y ()	m_zrange0_z ()
0	0	0	1	0	0	1	0	0	1	-1.7804318e-13	2.221299e-15	-0	-1.8289977e-13	0	0	1	0	0	1
0	0.0001671934	-0.00015766965	0.999974	0	0	0.94999886	0.0001671934	-0.00015766965	0.99997395	-1.7804366e-13	2.2211923e-15	1.0289498e-19	-1.8254617e-13	0.00033436457	-0.00031531835	0.9999478	2.2221002e-08	-2.0955238e-08	1
0	0.00017648918	-0.0001664397	0.99997187	0	0	0.900001	0.00017648918	-0.0001664397	0.99997187	-1.7804367e-13	2.2211838e-15	1.0820967e-19	-1.8219229e-13	0.0003529549	-0.00033285725	0.99994373	2.3468157e-08	-2.213186e-08	1
0	0.00018687862	-0.00017624158	0.9999695	0	0	0.849999	0.00018687862	-0.00017624158	0.9999695	-1.7804368e-13	2.2211734e-15	1.140492e-19	-1.818384e-13	0.0003737324	-0.00035245973	0.99993896	2.4862059e-08	-2.3446932e-08	1
0	0.00019856746	-0.00018726935	0.99996686	0	0	0.8000007	0.00019856746	-0.00018726935	0.99996686	-1.7804371e-13	2.2211622e-15	1.2049524e-19	-1.8148455e-13	0.0003971085	-0.00037451374	0.9999336	2.6430312e-08	-2.4926482e-08	1
0	0.00021181624	-0.00019976868	0.99996364	0	0	0.75	0.00021181625	-0.00019976868	0.9999637	-1.7804371e-13	2.221149e-15	1.2764788e-19	-1.8113065e-13	0.00042360427	-0.00039951078	0.9999274	2.8207872e-08	-2.6603484e-08	1
0	0.0002269577	-0.00021405348	0.99996006	0	0	0.69999945	0.00022695771	-0.00021405348	0.99996006	-1.7804374e-13	2.2211336e-15	1.3563066e-19	-1.8077678e-13	0.00045388512	-0.00042807843	0.9999201	3.0239377e-08	-2.8520056e-08	1
0	0.00024442983	-0.00023053636	0.99995583	0	0	0.6500008	0.00024442983	-0.00023053636	0.99995583	-1.7804375e-13	2.2211156e-15	1.4459876e-19	-1.8042291e-13	0.0004888271	-0.00046104196	0.9999116	3.258361e-08	-3.0731556e-08	1
0	0.00026481334	-0.00024976474	0.99995077	0	0	0.59999925	0.00026481334	-0.00024976477	0.99995077	-1.7804375e-13	2.2210936e-15	1.5474971e-19	-1.8006903e-13	0.00052959134	-0.0004994962	0.9999015	3.5318475e-08	-3.3311437e-08	1
0	0.00028890325	-0.0002724874	0.9999447	0	0	0.5499998	0.00028890325	-0.0002724874	0.9999447	-1.7804376e-13	2.2210678e-15	1.6633951e-19	-1.7971516e-13	0.000577768	-0.00054493843	0.9998894	3.8550656e-08	-3.636017e-08	1
0	0.00031781633	-0.00029975618	0.99993724	0	0	0.5	0.00031781636	-0.00029975618	0.99993724	-1.7804376e-13	2.2210358e-15	1.7970706e-19	-1.7936127e-13	0.0006355903	-0.0005994724	0.9998745	4.2429992e-08	-4.001889e-08	1
0	0.00035314608	-0.00033306956	0.999928	0	0	0.4500005	0.0003531461	-0.00033306956	0.99992794	-1.7804376e-13	2.2209962e-15	1.953107e-19	-1.7900739e-13	0.0007062451	-0.00066609465	0.999856	4.717029e-08	-4.4488658e-08	1
0	0.0003973131	-0.000374704	0.99991626	0	0	0.40000036	0.0003973131	-0.000374704	0.99991626	-1.7804376e-13	2.2209452e-15	2.1379118e-19	-1.7865352e-13	0.000794573	-0.00074935786	0.99983233	5.309633e-08	-5.0074917e-08	1
0	0.00045410098	-0.00042821246	0.9999007	0	0	0.34999973	0.00045410098	-0.00042821246	0.9999007	-1.7804376e-13	2.2208785e-15	2.3607414e-19	-1.7829968e-13	0.00090814126	-0.00085636775	0.99980134	6.071581e-08	-5.7254425e-08	1
0	0.0005298031	-0.0004994948	0.99987954	0	0	0.29999962	0.0005298031	-0.00049949484	0.99987954	-1.7804376e-13	2.2207876e-15	2.6355854e-19	-1.7794582e-13	0.0010595354	-0.0009989227	0.9997592	7.087313e-08	-6.681877e-08	1
0	0.00063580787	-0.0005992069	0.9998495	0	0	0.25	0.00063580787	-0.0005992069	0.9998495	-1.7804374e-13	2.2206578e-15	2.984883e-19	-1.7759196e-13	0.0012715308	-0.0011983337	0.999699	8.5096346e-08	-8.019778e-08	1
0	0.0008151386	-0.00076757814	0.9997976	0	0	0.19499981	0.0008151386	-0.00076757814	0.9997976	-1.7804364e-13	2.2204323e-15	3.502397e-19	-1.7720276e-13	0.0016301682	-0.0015350535	0.99959505	1.09158165e-07	-1.0278933e-07	1
0	0.00083660363	-0.00078769965	0.99979126	0	0	0.19000006	0.0008366036	-0.00078769965	0.99979126	-1.7804362e-13	2.2204052e-15	3.559207e-19	-1.7716735e-13	0.001673095	-0.0015752937	0.9995825	1.1203823e-07	-1.0548917e-07	1
0	0.00085921295	-0.00080888986	0.99978465	0	0	0.18499996	0.00085921295	-0.0008088899	0.99978465	-1.7804359e-13	2.2203764e-15	3.6180575e-19	-1.7713198e-13	0.0017183109	-0.0016176715	0.9995693	1.1507187e-07	-1.0833243e-07	1
0	0.00088308984	-0.00083126157	0.9997776	0	0	0.18000017	0.00088308984	-0.00083126157	0.9997776	-1.7804356e-13	2.220346e-15	3.679074e-19	-1.7709659e-13	0.0017660613	-0.0016624117	0.9995554	1.18275565e-07	-1.11334195e-07	1
0	0.0009082987	-0.00085487386	0.9997703	0	0	0.17499986	0.0009082987	-0.00085487386	0.9997702	-1.7804353e-13	2.220314e-15	3.7423838e-19	-1.7706119e-13	0.0018164758	-0.001709633	0.99954045	1.2165799e-07	-1.1450242e-07	1
0	0.0009350221	-0.00087989436	0.9997623	0	0	0.17000006	0.0009350221	-0.00087989436	0.9997623	-1.7804353e-13	2.22028e-15	3.8081426e-19	-1.7702583e-13	0.001869919	-0.0017596708	0.9995248	1.2524364e-07	-1.1785963e-07	1
0	0.0009633664	-0.0009064223	0.99975395	0	0	0.1650002	0.0009633664	-0.0009064223	0.99975413	-1.7804352e-13	2.2202434e-15	3.876503e-19	-1.7699046e-13	0.0019266038	-0.0018127232	0.9995081	1.2904675e-07	-1.2141908e-07	1
0	0.0009934634	-0.0009345791	0.99974513	0	0	0.15999989	0.0009934633	-0.00093457906	0.99974513	-1.7804348e-13	2.2202046e-15	3.9476448e-19	-1.7695508e-13	0.001986794	-0.001869033	0.99949026	1.3308505e-07	-1.2519709e-07	1
0	0.0010254722	-0.00096451043	0.99973565	0	0	0.15500008	0.0010254723	-0.00096451043	0.99973565	-1.7804345e-13	2.2201636e-15	4.0217596e-19	-1.7691966e-13	0.002050807	-0.0019288915	0.99947137	1.3737986e-07	-1.292132e-07	1
0	0.0010596848	-0.0009964876	0.9997256	0	0	0.14999981	0.0010596848	-0.0009964876	0.9997256	-1.7804343e-13	2.2201195e-15	4.0990635e-19	-1.7688429e-13	0.0021192275	-0.0019928417	0.99945116	1.4197036e-07	-1.3350383e-07	1
0	0.0010961647	-0.0010305677	0.99971473	0	0	0.14500023	0.0010961647	-0.0010305678	0.9997147	-1.7804341e-13	2.220073e-15	4.1797884e-19	-1.7684892e-13	0.0021921825	-0.0020609975	0.9994295	1.4686508e-07	-1.3807663e-07	1
0	0.0011353609	-0.0010671652	0.99970317	0	0	0.14000009	0.0011353608	-0.0010671652	0.99970317	-1.780434e-13	2.2200217e-15	4.2641967e-19	-1.7681356e-13	0.0022705698	-0.0021341874	0.9994062	1.5212429e-07	-1.4298718e-07	1
0	0.0011773987	-0.0011063919	0.99969065	0	0	0.13500017	0.0011773987	-0.0011063919	0.99969065	-1.7804333e-13	2.2199675e-15	4.3525794e-19	-1.7677813e-13	0.0023546396	-0.0022126355	0.9993813	1.5776472e-07	-1.4825054e-07	1
0	0.001222677	-0.0011486178	0.99967724	0	0	0.13000007	0.001222677	-0.0011486178	0.99967724	-1.7804329e-13	2.2199088e-15	4.445266e-19	-1.7674278e-13	0.0024451902	-0.0022970818	0.99935436	1.6384001e-07	-1.5391632e-07	1
0	0.0012715354	-0.0011941518	0.99966264	0	0	0.125	0.0012715354	-0.0011941518	0.99966264	-1.7804326e-13	2.2198455e-15	4.5426133e-19	-1.7670739e-13	0.0025429004	-0.0023881434	0.9993253	1.7039562e-07	-1.6002595e-07	1
0	0.0013245181	-0.0012434946	0.9996469	0	0	0.11999989	0.0013245181	-0.0012434946	0.9996469	-1.780432e-13	2.2197765e-15	4.645045e-19	-1.76672e-13	0.0026488588	-0.0024868227	0.99929374	1.7750465e-07	-1.666467e-07	1
0	0.0013822339	-0.001297201	0.99962974	0	0	0.11499984	0.0013822337	-0.001297201	0.99962974	-1.7804317e-13	2.2197015e-15	4.753037e-19	-1.7663665e-13	0.0027642823	-0.0025942281	0.99925935	1.852487e-07	-1.738529e-07	1
0	0.0014448336	-0.0013554051	0.99961096	0	0	0.10999988	0.0014448338	-0.0013554052	0.99961096	-1.7804309e-13	2.2196202e-15	4.8670795e-19	-1.7660125e-13	0.002889474	-0.0027106283	0.99922204	1.9364808e-07	-1.816626e-07	1
0	0.0015136751	-0.0014193575	0.99959046	0	0	0.10499983	0.001513675	-0.0014193576	0.99959046	-1.7804305e-13	2.2195306e-15	4.987813e-19	-1.7656589e-13	0.0030271471	-0.002838525	0.9991809	2.0288496e-07	-1.902436e-07	1
0	0.0015895569	-0.0014897874	0.9995679	0	0	0.10000009	0.0015895569	-0.0014897874	0.99956787	-1.7804295e-13	2.219432e-15	5.115936e-19	-1.7653049e-13	0.0031789006	-0.0029793752	0.9991358	2.1306647e-07	-1.9969376e-07	1
0	0.0016732275	-0.0015673633	0.99954295	0	0	0.09500003	0.0016732276	-0.0015673632	0.99954295	-1.7804287e-13	2.2193229e-15	5.252246e-19	-1.7649512e-13	0.003346231	-0.003134516	0.99908584	2.242931e-07	-2.1010271e-07	1
0	0.0017660655	-0.0016533389	0.9995151	0	0	0.090000086	0.0017660654	-0.0016533389	0.9995151	-1.7804277e-13	2.2192015e-15	5.3976963e-19	-1.7645973e-13	0.0035318944	-0.0033064561	0.99903035	2.3674973e-07	-2.2163876e-07	1
0	0.0018696643	-0.0017491628	0.9994841	0	0	0.08500003	0.0018696643	-0.0017491628	0.9994842	-1.780427e-13	2.2190662e-15	5.5533913e-19	-1.7642437e-13	0.0037390778	-0.0034980911	0.99896836	2.506502e-07	-2.3449618e-07	1
0	0.0019864256	-0.0018570201	0.9994493	0	0	0.079999946	0.0019864256	-0.00185702	0.9994493	-1.7804259e-13	2.2189136e-15	5.7206896e-19	-1.7638901e-13	0.0039725853	-0.0037137915	0.9988987	2.6631676e-07	-2.4896826e-07	1
0	0.0021190485	-0.0019793622	0.9994098	0	0	0.074999906	0.0021190485	-0.0019793622	0.9994098	-1.7804245e-13	2.218741e-15	5.901177e-19	-1.7635364e-13	0.004237813	-0.0039584595	0.9988197	2.841116e-07	-2.653839e-07	1
0	0.0022702566	-0.0021185996	0.9993648	0	0	0.070000045	0.0022702566	-0.0021185996	0.9993648	-1.7804227e-13	2.2185432e-15	6.096805e-19	-1.7631826e-13	0.0045402083	-0.0042369156	0.99872947	3.044001e-07	-2.8406646e-07	1
0	0.0024452046	-0.002279419	0.99931276	0	0	0.065000035	0.0024452046	-0.0022794195	0.99931276	-1.780421e-13	2.2183158e-15	6.3099865e-19	-1.762829e-13	0.0048900815	-0.004558533	0.9986254	3.2787392e-07	-3.0564485e-07	1
0	0.0026495196	-0.0024668446	0.999252	0	0	0.059999947	0.0026495196	-0.0024668446	0.999252	-1.7804187e-13	2.2180498e-15	6.543727e-19	-1.7624751e-13	0.005298684	-0.004933358	0.99850416	3.5528808e-07	-3.307932e-07	1
0	0.002890334	-0.0026872572	0.9991805	0	0	0.05499994	0.002890334	-0.002687257	0.9991805	-1.7804161e-13	2.217736e-15	6.8017826e-19	-1.7621215e-13	0.00578028	-0.005374155	0.99836105	3.8759956e-07	-3.6036766e-07	1
0	0.003179733	-0.0029514255	0.9990947	0	0	0.050000045	0.003179733	-0.0029514253	0.9990947	-1.7804131e-13	2.2173605e-15	7.089298e-19	-1.7617681e-13	0.0063590403	-0.0059024543	0.9981895	4.2642998e-07	-3.9581306e-07	1
0	0.0035338853	-0.0032737097	0.9989901	0	0	0.045000043	0.003533885	-0.0032737097	0.99899	-1.780409e-13	2.216901e-15	7.412923e-19	-1.7614145e-13	0.0070672967	-0.0065469807	0.9979802	4.7394863e-07	-4.390564e-07	1
0	0.0039768713	-0.003675352	0.9988594	0	0	0.039999973	0.0039768713	-0.003675352	0.9988594	-1.780404e-13	2.2163278e-15	7.7819487e-19	-1.761061e-13	0.00795321	-0.0073502115	0.9977188	5.333866e-07	-4.929477e-07	1
0	0.004551025	-0.0041934755	0.9986913	0	0	0.035000023	0.004551025	-0.0041934755	0.9986913	-1.7803977e-13	2.2155902e-15	8.2100276e-19	-1.7607076e-13	0.009101439	-0.008386388	0.9973825	6.104241e-07	-5.6246813e-07	1
0	0.005314991	-0.004878939	0.99846774	0	0	0.029999973	0.005314991	-0.004878939	0.9984677	-1.7803889e-13	2.2146087e-15	8.717243e-19	-1.7603542e-13	0.010629269	-0.0097572245	0.9969353	7.1292965e-07	-6.544416e-07	1
0	0.0063896454	-0.0058356794	0.99815446	0	0	0.025000023	0.0063896454	-0.0058356794	0.9981544	-1.7803764e-13	2.2132353e-15	9.33687e-19	-1.7600007e-13	0.012778434	-0.011670575	0.9963088	8.571219e-07	-7.8281386e-07	1
0	0.008025793	-0.0072759073	0.99768144	0	0	0.019999987	0.008025793	-0.0072759073	0.99768144	-1.7803571e-13	2.2111617e-15	1.012902e-18	-1.7596477e-13	0.01605051	-0.014550838	0.9953629	1.0766526e-06	-9.760589e-07	1
0	0.0107853655	-0.00966546	0.9968823	0	0	0.014999987	0.0107853655	-0.00966546	0.9968823	-1.7803241e-13	2.2076635e-15	1.1216447e-18	-1.7592946e-13	0.021569282	-0.019329622	0.99376464	1.446918e-06	-1.29668e-06	1
0	0.016662894	-0.014622127	0.99516666	0	0	0.009999993	0.016662894	-0.014622127	0.99516666	-1.7802525e-13	2.2001827e-15	1.2944631e-18	-1.7589421e-13	0.033323552	-0.029242292	0.9903334	2.235533e-06	-1.9617441e-06	1
0	0.03168094	-0.02702956	0.98953545	0	0	0.0049999966	0.03168094	-0.02702956	0.9895355	-1.7800175e-13	2.1760308e-15	1.6538807e-18	-1.7585908e-13	0.06335764	-0.054055497	0.97907096	4.2505585e-06	-3.6265042e-06	1
0	0.034288783	-0.029227978	0.9879881	0	0	-9.887924e-17	0.034288783	-0.029227978	0.9879881	-1.7799541e-13	2.1695093e-15	1.7788352e-18	-1.7582414e-13	0.06857297	-0.058452036	0.9759762	4.600472e-06	-3.9214865e-06	1
0	0.03491741	-0.029759025	0.9875811	0	0	-0.0049999966	0.034917414	-0.029759025	0.9875811	-1.7799377e-13	2.1678013e-15	1.8150084e-18	-1.7578919e-13	0.069830135	-0.05951406	0.9751621	4.6848304e-06	-3.99275e-06	1
0	0.035629746	-0.030362038	0.9870992	0	0	-0.009999993	0.035629746	-0.03036204	0.9870992	-1.7799182e-13	2.1657824e-15	1.8592716e-18	-1.7575431e-13	0.07125471	-0.06072	0.9741983	4.780422e-06	-4.0736722e-06	1
0	0.036715433	-0.0312817	0.9863388	0	0	-0.014999987	0.036715433	-0.0312817	0.98633873	-1.7798871e-13	2.1626053e-15	1.9275387e-18	-1.7571948e-13	0.07342595	-0.0625592	0.97267747	4.9261107e-06	-4.197083e-06	1
0	0.03800328	-0.03237256	0.9854034	0	0	-0.019999987	0.03800328	-0.03237256	0.9854034	-1.7798493e-13	2.1587122e-15	2.0081958e-18	-1.7568472e-13	0.076001465	-0.06474078	0.9708068	5.098928e-06	-4.343469e-06	1
0	0.039740197	-0.03384315	0.9840883	0	0	-0.025000023	0.039740197	-0.033843152	0.9840883	-1.7797962e-13	2.1532657e-15	2.115733e-18	-1.7565013e-13	0.07947506	-0.06768176	0.9681766	5.332005e-06	-4.5408115e-06	1
0	0.042016298	-0.03576857	0.9822737	0	0	-0.029999973	0.042016298	-0.03576857	0.98227364	-1.7797236e-13	2.1458042e-15	2.2540717e-18	-1.7561573e-13	0.084026955	-0.07153235	0.9645473	5.637437e-06	-4.7991903e-06	1
0	0.044159863	-0.037580203	0.98046654	0	0	-0.035000023	0.044159863	-0.037580207	0.98046654	-1.7796517e-13	2.1384348e-15	2.3831483e-18	-1.7558146e-13	0.0883138	-0.07515536	0.9609331	5.9250956e-06	-5.042308e-06	1
0	0.047226638	-0.040169075	0.97771084	0	0	-0.039999973	0.047226634	-0.040169075	0.97771084	-1.779543e-13	2.1273146e-15	2.564981e-18	-1.7554762e-13	0.094446935	-0.08033276	0.9554216	6.3366465e-06	-5.3897347e-06	1
0	-0.0033279127	0.00079777994	0.27045143	0	0	-0.045000043	-0.003327913	0.00079778	0.27045143	-1.7769759e-13	1.8618496e-15	-3.902814e-17	-1.7578864e-13	-0.006655379	0.0015954528	-0.45909718	-4.4679075e-07	1.07130845e-07	1
0	-0.0028370062	0.00047353026	0.25154364	0	0	-0.050000045	-0.0028370065	0.00047353026	0.25154364	-1.7771727e-13	1.8817629e-15	-3.3100605e-17	-1.7577961e-13	-0.0056736325	0.0009469969	-0.4969127	-3.8090846e-07	6.3604844e-08	1
0	-0.0025652081	0.00016517141	0.23631412	0	0	-0.05499994	-0.0025652081	0.0001651714	0.23631412	-1.7773353e-13	1.8983529e-15	-2.78729e-17	-1.7577105e-13	-0.005130072	0.00033032056	-0.5273717	-3.444356e-07	2.220774e-08	1
0	-0.0023273905	-0.00015231577	0.22354123	0	0	-0.059999947	-0.0023273905	-0.00015231577	0.22354124	-1.7774748e-13	1.9126343e-15	-2.3130832e-17	-1.7576305e-13	-0.004654468	-0.0003046111	-0.5529176	-3.1252193e-07	-2.0417003e-08	1
0	-0.0021046405	-0.0004950948	0.21233624	0	0	-0.065000035	-0.0021046405	-0.0004950948	0.21233624	-1.7776006e-13	1.9254937e-15	-1.8717537e-17	-1.7575558e-13	-0.0042089988	-0.0009901231	-0.57532746	-2.826282e-07	-6.644054e-08	1
0	-0.0019506561	-0.000899811	0.20121494	0	0	-0.070000045	-0.0019506561	-0.0008998109	0.20121494	-1.7777292e-13	1.9386795e-15	-1.4166247e-17	-1.7574871e-13	-0.0039010497	-0.0017995011	-0.5975701	-2.619603e-07	-1.2078665e-07	1
0	-0.0018799067	-0.0012224872	0.19170927	0	0	-0.074999906	-0.001879907	-0.0012224871	0.19170928	-1.7778396e-13	1.9500121e-15	-1.01118446e-17	-1.757423e-13	-0.0037595613	-0.0024448102	-0.6165815	-2.5247203e-07	-1.6412483e-07	1
0	-0.0017250727	-0.0015540778	0.17773187	0	0	-0.079999946	-0.0017250727	-0.0015540778	0.17773186	-1.778011e-13	1.9675944e-15	-4.3772893e-18	-1.7573725e-13	-0.0034499145	-0.0031079473	-0.6445363	-2.3169811e-07	-2.086741e-07	1
0	-0.0015773235	-0.0016790563	0.17135748	0	0	-0.08500003	-0.0015773237	-0.0016790563	0.17135748	-1.7780836e-13	1.9750881e-15	-1.5505733e-18	-1.7573172e-13	-0.0031544352	-0.003357887	-0.65728503	-2.1187907e-07	-2.2546027e-07	1
0	-0.0007353223	-0.002078529	0.15652934	0	0	-0.090000086	-0.0007353223	-0.0020785292	0.15652932	-1.7782694e-13	1.9941614e-15	4.574242e-18	-1.7572849e-13	-0.001470546	-0.004156779	-0.6869413	-9.8800626e-08	-2.7912176e-07	1
0	-0.00058809394	-0.0027235744	0.14466846	0	0	-0.09500003	-0.00058809394	-0.0027235742	0.14466846	-1.77841e-13	2.0086787e-15	9.419195e-18	-1.7572564e-13	-0.0011761088	-0.005446783	-0.7106631	-7.901007e-08	-3.6576625e-07	1
0	-0.00056391157	-0.0029493747	0.13930973	0	0	-0.10000009	-0.0005639116	-0.0029493745	0.13930973	-1.7784695e-13	2.0148807e-15	1.189595e-17	-1.7572159e-13	-0.0011277474	-0.005898353	-0.72138053	-7.576555e-08	-3.9610703e-07	1
0	-0.00059848226	-0.0032805474	0.13269831	0	0	-0.10499983	-0.00059848226	-0.0032805474	0.13269831	-1.778543e-13	2.022505e-15	1.5075802e-17	-1.7571812e-13	-0.0011968843	-0.0065606544	-0.73460346	-8.039703e-08	-4.4059558e-07	1
0	-0.0006678215	-0.003561227	0.1278544	0	0	-0.10999988	-0.0006678215	-0.003561227	0.1278544	-1.778594e-13	2.0278223e-15	1.7495798e-17	-1.7571453e-13	-0.0013355531	-0.0071219755	-0.74429125	-8.9712174e-08	-4.783078e-07	1
0	-0.0006998779	-0.0037899814	0.12384139	0	0	-0.11499984	-0.0006998779	-0.0037899814	0.12384139	-1.7786347e-13	2.0320896e-15	1.959378e-17	-1.7571101e-13	-0.0013996619	-0.0075794538	-0.75231725	-9.403679e-08	-5.0905635e-07	1
0	-0.0006726583	-0.003991183	0.11985541	0	0	-0.11999989	-0.0006726583	-0.0039911824	0.119855404	-1.7786754e-13	2.0363026e-15	2.1742069e-17	-1.7570769e-13	-0.0013452261	-0.007981829	-0.76028925	-9.0410246e-08	-5.361162e-07	1
0	-0.00058077456	-0.0041648406	0.115632	0	0	-0.125	-0.00058077456	-0.0041648406	0.115632	-1.7787188e-13	2.0408052e-15	2.4049087e-17	-1.757047e-13	-0.0011614708	-0.008329122	-0.768736	-7.809246e-08	-5.594868e-07	1
0	-0.000470982	-0.00429032	0.111546665	0	0	-0.13000007	-0.000470982	-0.00429032	0.111546665	-1.7787613e-13	2.0452123e-15	2.6288792e-17	-1.7570197e-13	-0.0009419004	-0.008580064	-0.7769066	-6.334251e-08	-5.763909e-07	1
0	-0.00048703921	0.0013918532	0.009746745	0	0	-0.13500017	-0.00048703921	0.0013918533	0.009746745	-1.7802082e-13	2.1956083e-15	4.9564858e-17	-1.7576634e-13	-0.00097401283	0.0027835194	-0.98050654	-6.564584e-08	1.8706294e-07	1
0	0.0001806993	0.0015711433	0.0054319836	0	0	-0.14000009	0.0001806993	0.0015711433	0.0054319836	-1.7803112e-13	2.2060187e-15	4.8499975e-17	-1.7577122e-13	0.00036137432	0.0031420751	-0.989136	2.4282212e-08	2.1112345e-07	1
0	0.00017477236	0.0015702567	0.0051795957	0	0	-0.14500023	0.00017477236	0.0015702567	0.0051795957	-1.7803155e-13	2.2064874e-15	4.8576595e-17	-1.7577118e-13	0.00034952123	0.0031403028	-0.9896408	2.3500434e-08	2.1103028e-07	1
0	0.00015469835	0.001555501	0.0049023395	0	0	-0.14999981	0.00015469835	0.001555501	0.004902339	-1.780321e-13	2.2070407e-15	4.8656322e-17	-1.757712e-13	0.00030937587	0.0031107932	-0.99019533	2.0824103e-08	2.0907453e-07	1
0	0.00011431136	0.0015255812	0.00460997	0	0	-0.15500008	0.00011431136	0.0015255812	0.0046099694	-1.7803269e-13	2.2076794e-15	4.8734656e-17	-1.7577121e-13	0.00022860728	0.0030509573	-0.9907801	1.5424845e-08	2.0508239e-07	1
0	-0.0010401212	0.00095898786	0.0023589162	0	0	-0.15999989	-0.0010401212	0.00095898786	0.0023589162	-1.780383e-13	2.213328e-15	5.01516e-17	-1.7577214e-13	-0.0020801025	0.0019178469	-0.9952822	-1.398027e-07	1.2889717e-07	1
0	-0.0010061945	0.0009319257	0.0021873286	0	0	-0.1650002	-0.0010061945	0.0009319257	0.0021873286	-1.7803871e-13	2.2137327e-15	5.032629e-17	-1.7577208e-13	-0.0020122537	0.0018637261	-0.9956254	-1.352494e-07	1.2526607e-07	1
0	-0.0009747763	0.00090624153	0.0020288588	0	0	-0.17000006	-0.0009747763	0.00090624153	0.0020288588	-1.7803903e-13	2.2141096e-15	5.0492445e-17	-1.75772e-13	-0.0019494217	0.0018123613	-0.9959423	-1.3103283e-07	1.2181982e-07	1
0	-0.0009455285	0.0008819569	0.0018814944	0	0	-0.17499986	-0.0009455285	0.0008819569	0.0018814944	-1.7803937e-13	2.2144624e-15	5.0651554e-17	-1.7577193e-13	-0.00189093	0.0017637953	-0.996237	-1.2710765e-07	1.1856139e-07	1
0	-0.0009182073	0.00085894857	0.0017438465	0	0	-0.18000017	-0.0009182073	0.0008589485	0.0017438465	-1.7803971e-13	2.2147944e-15	5.0804533e-17	-1.757719e-13	-0.001836291	0.0017177815	-0.99651235	-1.2344107e-07	1.1547421e-07	1
0	-0.00089266704	0.00083712186	0.0016132314	0	0	-0.18499996	-0.0008926671	0.00083712186	0.0016132314	-1.7804e-13	2.2151108e-15	5.095413e-17	-1.7577182e-13	-0.0017852142	0.0016741311	-0.9967736	-1.2001357e-07	1.12545564e-07	1
0	-0.0008689521	0.000816541	0.0014858507	0	0	-0.19000006	-0.0008689521	0.000816541	0.0014858507	-1.780403e-13	2.2154214e-15	5.110487e-17	-1.7577176e-13	-0.0017377873	0.0016329722	-0.9970283	-1.1683111e-07	1.0978415e-07	1
0	-0.0008491601	0.00080162956	0.0013703492	0	0	-0.19499981	-0.0008491601	0.00080162945	0.0013703491	-1.7804057e-13	2.215704e-15	5.124466e-17	-1.7577172e-13	-0.0016982061	0.0016031512	-0.9972593	-1.1417583e-07	1.0778473e-07	1
0	-0.0008054909	0.00078206835	0.0011399045	0	0	-0.20499994	-0.0008054909	0.0007820684	0.0011399045	-1.7804113e-13	2.2162717e-15	5.1536846e-17	-1.7577167e-13	-0.0016108734	0.0015640316	-0.9977201	-1.0831509e-07	1.05165235e-07	1
0	-0.00068305025	0.00066240306	0.00082783867	0	0	-0.25499967	-0.00068305025	0.000662403	0.0008278388	-1.7804184e-13	2.2171003e-15	5.1882915e-17	-1.7577136e-13	-0.0013660087	0.0013247168	-0.9983443	-9.1909655e-08	8.91318e-08	1
0	-0.0006416326	0.0006213019	0.0007166874	0	0	-0.30500022	-0.0006416326	0.0006213019	0.0007166874	-1.7804211e-13	2.2173988e-15	5.1991187e-17	-1.7577117e-13	-0.0012831787	0.00124252	-0.9985666	-8.640906e-08	8.367357e-08	1
0	-0.000609571	0.0005848276	0.00061909505	0	0	-0.3549996	-0.000609571	0.0005848276	0.00061909505	-1.7804229e-13	2.2176561e-15	5.1926438e-17	-1.7577115e-13	-0.0012190598	0.0011695764	-0.99876183	-8.2146336e-08	7.884829e-08	1
0	-0.00040529517	0.00038222852	8.5981126e-05	0	0	-0.40499973	-0.00040529517	0.0003822285	8.5981126e-05	-1.7804376e-13	2.2192126e-15	4.7394805e-17	-1.7577691e-13	-0.0008105357	0.0007644056	-0.99982804	-5.4610528e-08	5.1502454e-08	1
0	-0.0003594326	0.0003389978	7.3679475e-05	0	0	-0.45500082	-0.0003594326	0.0003389978	7.367948e-05	-1.7804376e-13	2.219265e-15	4.737696e-17	-1.7577689e-13	-0.0007188168	0.0006779499	-0.9998527	-4.845537e-08	4.5700535e-08	1
0	-0.00032289876	0.0003045498	6.407072e-05	0	0	-0.5050003	-0.00032289876	0.0003045498	6.407072e-05	-1.7804376e-13	2.2193068e-15	4.736186e-17	-1.7577686e-13	-0.000645754	0.00060905836	-0.9998718	-4.355223e-08	4.107733e-08	1
0	-0.0002930996	0.00027644582	5.6382527e-05	0	0	-0.55500025	-0.00029309958	0.00027644582	5.6382527e-05	-1.7804376e-13	2.219339e-15	4.73489e-17	-1.7577686e-13	-0.0005861597	0.0005528543	-0.99988717	-3.955296e-08	3.7305576e-08	1
0	-0.0002683337	0.00025308572	5.0116294e-05	0	0	-0.60500026	-0.0002683337	0.00025308572	5.0116294e-05	-1.7804375e-13	2.2193663e-15	4.7337654e-17	-1.7577683e-13	-0.0005366312	0.00050613726	-0.99989986	-3.62292e-08	3.4170487e-08	1
0	-0.00024742592	0.00023336287	4.4922333e-05	0	0	-0.6549993	-0.00024742592	0.00023336287	4.4922333e-05	-1.7804375e-13	2.2193885e-15	4.7327787e-17	-1.7577682e-13	-0.00049481844	0.00046669424	-0.9999101	-3.3423245e-08	3.152356e-08	1
0	-0.00022953904	0.00021648884	4.05596e-05	0	0	-0.70500124	-0.00022953904	0.00021648884	4.05596e-05	-1.7804374e-13	2.2194067e-15	4.7319062e-17	-1.757768e-13	-0.00045904706	0.00043294844	-0.99991894	-3.1022733e-08	2.925897e-08	1
0	-0.00021406346	0.00020188898	3.6850783e-05	0	0	-0.7549992	-0.00021406346	0.000201889	3.6850783e-05	-1.7804371e-13	2.2194226e-15	4.7311277e-17	-1.7577678e-13	-0.00042809796	0.0004037507	-0.99992627	-2.894584e-08	2.7299606e-08	1
0	-0.00020054178	0.00018913219	3.3668508e-05	0	0	-0.80500025	-0.00020054179	0.00018913219	3.3668508e-05	-1.7804371e-13	2.219436e-15	4.730431e-17	-1.7577678e-13	-0.0004010565	0.00037823876	-0.99993265	-2.713118e-08	2.5587592e-08	1
0	-0.000188626	0.00017789027	3.0908035e-05	0	0	-0.85500133	-0.00018862601	0.00017789027	3.0908035e-05	-1.7804368e-13	2.2194482e-15	4.729802e-17	-1.7577675e-13	-0.0003772265	0.0003557565	-0.99993813	-2.5532056e-08	2.4078897e-08	1
0	-0.00017804647	0.00016790918	2.8498791e-05	0	0	-0.9049992	-0.00017804647	0.00016790918	2.8498791e-05	-1.7804367e-13	2.2194584e-15	4.7292318e-17	-1.7577672e-13	-0.0003560688	0.0003357956	-0.99994296	-2.4112268e-08	2.2739414e-08	1
0	-0.00016858982	0.00015898723	2.6382477e-05	0	0	-0.95500135	-0.00016858982	0.00015898724	2.6382477e-05	-1.7804366e-13	2.2194673e-15	4.728712e-17	-1.7577671e-13	-0.00033715676	0.00031795292	-0.99994725	-2.2843183e-08	2.1542082e-08	1
0	-0.00016089919	0.00015173166	2.4684963e-05	0	0	-1	-0.00016089919	0.00015173166	2.4684961e-05	-1.7804366e-13	2.2194743e-15	4.7282828e-17	-1.7577672e-13	-0.00032177655	0.00030344276	-0.9999506	-2.1811104e-08	2.0568388e-08	1
0	-0.00016948718	0.0001598337	2.6582025e-05	0	0	-0.94999886	-0.00016948716	0.0001598337	2.6582025e-05	-1.7804366e-13	2.2194665e-15	4.7287623e-17	-1.7577671e-13	-0.00033895136	0.00031964574	-0.99994683	-2.2963604e-08	2.1655673e-08	1
0	-0.0001790472	0.00016885303	2.8726738e-05	0	0	-0.900001	-0.0001790472	0.00016885303	2.8726738e-05	-1.7804367e-13	2.2194571e-15	4.729286e-17	-1.7577672e-13	-0.0003580702	0.00033768325	-0.99994254	-2.4246564e-08	2.2866077e-08	1
0	-0.00018974849	0.00017894915	3.1168034e-05	0	0	-0.849999	-0.00018974849	0.00017894915	3.1168034e-05	-1.7804368e-13	2.219447e-15	4.7298618e-17	-1.7577675e-13	-0.00037947128	0.00035787406	-0.9999376	-2.568269e-08	2.4220988e-08	1
0	-0.00020181145	0.00019032993	3.396316e-05	0	0	-0.8000007	-0.00020181148	0.00019032991	3.396316e-05	-1.7804371e-13	2.2194353e-15	4.7304974e-17	-1.7577678e-13	-0.00040359562	0.00038063413	-0.99993205	-2.7301573e-08	2.5748324e-08	1
0	-0.00021551081	0.00020325431	3.7197966e-05	0	0	-0.75	-0.0002155108	0.00020325431	3.7197962e-05	-1.7804371e-13	2.2194214e-15	4.7312018e-17	-1.7577678e-13	-0.0004309925	0.00040648115	-0.9999256	-2.9140072e-08	2.748283e-08	1
0	-0.00023120432	0.00021805966	4.0962866e-05	0	0	-0.69999945	-0.00023120432	0.00021805966	4.0962866e-05	-1.7804374e-13	2.2194048e-15	4.7319883e-17	-1.757768e-13	-0.0004623774	0.00043608993	-0.99991804	-3.1246213e-08	2.9469778e-08	1
0	-0.00024936066	0.00023518778	4.5399756e-05	0	0	-0.6500008	-0.0002493607	0.00023518778	4.5399756e-05	-1.7804375e-13	2.2193864e-15	4.732871e-17	-1.7577682e-13	-0.0004986876	0.00047034383	-0.99990916	-3.368289e-08	3.176847e-08	1
0	-0.00027061134	0.0002552339	5.0688923e-05	0	0	-0.59999925	-0.00027061137	0.0002552339	5.0688923e-05	-1.7804376e-13	2.219364e-15	4.7338713e-17	-1.7577683e-13	-0.00054118613	0.00051043334	-0.9998986	-3.6534864e-08	3.4458786e-08	1
0	-0.0002958186	0.0002790098	5.7080688e-05	0	0	-0.5499998	-0.0002958186	0.00027900987	5.708069e-05	-1.7804376e-13	2.2193364e-15	4.7350118e-17	-1.7577686e-13	-0.0005915973	0.000557982	-0.99988574	-3.9917857e-08	3.7649677e-08	1
0	-0.00032619902	0.000307661	6.493256e-05	0	0	-0.5	-0.00032619902	0.000307661	6.493256e-05	-1.7804376e-13	2.2193028e-15	4.7363267e-17	-1.7577687e-13	-0.00065235404	0.0006152806	-0.99987006	-4.399514e-08	4.149488e-08	1
0	-0.00036353138	0.00034286064	7.477131e-05	0	0	-0.4500005	-0.00036353138	0.00034286064	7.477132e-05	-1.7804376e-13	2.2192606e-15	4.7378613e-17	-1.757769e-13	-0.00072701374	0.00068567495	-0.99985045	-4.9005443e-08	4.6218943e-08	1
0	-0.0004105056	0.00038713746	8.739876e-05	0	0	-0.40000036	-0.0004105056	0.00038713746	8.739876e-05	-1.7804376e-13	2.2192064e-15	4.7396774e-17	-1.7577691e-13	-0.00082095584	0.00077422283	-0.9998252	-5.5309798e-08	5.2161262e-08	1
0	-0.00047140435	0.00044451046	0.00010410195	0	0	-0.34999973	-0.00047140435	0.00044451046	0.00010410195	-1.7804376e-13	2.2191344e-15	4.741866e-17	-1.7577695e-13	-0.00094274525	0.000888961	-0.9997918	-6.3482965e-08	5.98612e-08	1
0	-0.0005535204	0.0005218159	0.00012707863	0	0	-0.29999962	-0.0005535204	0.00052181596	0.00012707863	-1.7804376e-13	2.219035e-15	4.744563e-17	-1.7577701e-13	-0.0011069663	0.0010435616	-0.99974585	-7.4503745e-08	7.023628e-08	1
0	-0.0006702476	0.000631573	0.00016038895	0	0	-0.25	-0.0006702476	0.000631573	0.00016038895	-1.7804371e-13	2.2188911e-15	4.7479863e-17	-1.7577705e-13	-0.001340405	0.0012630611	-0.9996792	-9.016969e-08	8.496666e-08	1
0	-0.00087263196	0.0008214695	0.00021927882	0	0	-0.19499981	-0.00087263196	0.0008214695	0.00021927882	-1.7804357e-13	2.2186362e-15	4.7530473e-17	-1.757771e-13	-0.0017451465	0.0016428286	-0.9995614	-1.1733176e-07	1.1045246e-07	1
0	-0.0008972324	0.00084451033	0.00022650538	0	0	-0.19000006	-0.0008972324	0.0008445103	0.00022650538	-1.7804355e-13	2.2186042e-15	4.7536022e-17	-1.757771e-13	-0.0017943439	0.0016889069	-0.999547	-1.2063337e-07	1.13544715e-07	1
0	-0.0009233229	0.00086894236	0.00023417201	0	0	-0.18499996	-0.0009233229	0.00086894236	0.00023417201	-1.7804353e-13	2.2185716e-15	4.7541766e-17	-1.7577712e-13	-0.0018465217	0.0017377678	-0.9995317	-1.2413503e-07	1.16823735e-07	1
0	-0.0009509311	0.00089478504	0.00024230512	0	0	-0.18000017	-0.00095093105	0.00089478504	0.00024230512	-1.7804352e-13	2.2185362e-15	4.754772e-17	-1.7577713e-13	-0.0019017344	0.0017894497	-0.9995155	-1.2784032e-07	1.2029204e-07	1
0	-0.0009801915	0.0009221658	0.00025094952	0	0	-0.17499986	-0.0009801915	0.00092216587	0.00025094952	-1.7804349e-13	2.2184983e-15	4.7553895e-17	-1.7577714e-13	-0.0019602512	0.0018442078	-0.99949807	-1.3176737e-07	1.2396677e-07	1
0	-0.0010114614	0.0009514102	0.00026016487	0	0	-0.17000006	-0.0010114614	0.0009514102	0.00026016484	-1.7804345e-13	2.2184583e-15	4.7560304e-17	-1.7577712e-13	-0.002022787	0.0019026925	-0.99947965	-1.3596414e-07	1.2789167e-07	1
0	-0.0010446571	0.0009824438	0.0002699898	0	0	-0.1650002	-0.0010446571	0.0009824438	0.0002699898	-1.7804344e-13	2.2184155e-15	4.756697e-17	-1.7577714e-13	-0.0020891738	0.0019647556	-0.99946004	-1.4041932e-07	1.3205664e-07	1
0	-0.0010801861	0.0010156417	0.0002805044	0	0	-0.15999989	-0.0010801861	0.0010156418	0.00028050435	-1.7804343e-13	2.21837e-15	4.7573903e-17	-1.7577716e-13	-0.0021602272	0.0020311468	-0.99943894	-1.4518773e-07	1.365121e-07	1
0	-0.0011180076	0.0010509653	0.00029175385	0	0	-0.15500008	-0.0011180076	0.0010509654	0.00029175385	-1.780434e-13	2.218321e-15	4.7581116e-17	-1.7577717e-13	-0.0022358652	0.0021017895	-0.9994165	-1.502637e-07	1.4125277e-07	1
0	-0.0011589463	0.0010891763	0.0003038632	0	0	-0.14999981	-0.0011589463	0.0010891763	0.00030386317	-1.7804336e-13	2.2182685e-15	4.7588644e-17	-1.7577716e-13	-0.0023177366	0.002178206	-0.9993922	-1.5575817e-07	1.463811e-07	1
0	-0.0012027507	0.0011300382	0.0003168829	0	0	-0.14500023	-0.0012027508	0.0011300382	0.0003168829	-1.780433e-13	2.2182118e-15	4.759649e-17	-1.7577717e-13	-0.00240534	0.0022599248	-0.9993663	-1.6163719e-07	1.5186512e-07	1
0	-0.0012500611	0.0011741426	0.0003309467	0	0	-0.14000009	-0.0012500611	0.0011741426	0.0003309467	-1.7804328e-13	2.2181504e-15	4.760469e-17	-1.7577719e-13	-0.0024999538	0.0023481278	-0.9993381	-1.6798674e-07	1.5778436e-07	1
0	-0.0013012044	0.0012217879	0.000346174	0	0	-0.13500017	-0.0013012044	0.0012217879	0.00034617397	-1.7804322e-13	2.218084e-15	4.7613274e-17	-1.757772e-13	-0.002602234	0.0024434119	-0.99930763	-1.7485075e-07	1.6417876e-07	1
0	-0.0013566806	0.0012734295	0.00036270803	0	0	-0.13000007	-0.0013566806	0.0012734295	0.00036270803	-1.7804318e-13	2.2180119e-15	4.7622264e-17	-1.7577721e-13	-0.0027131792	0.0025466878	-0.99927455	-1.8229622e-07	1.711095e-07	1
0	-0.0014171519	0.0013296783	0.00038073305	0	0	-0.125	-0.0014171519	0.0013296785	0.00038073305	-1.7804313e-13	2.2179331e-15	4.7631703e-17	-1.7577721e-13	-0.002834113	0.0026591783	-0.9992385	-1.904121e-07	1.786586e-07	1
0	-0.0014834502	0.001391289	0.00040046434	0	0	-0.11999989	-0.0014834502	0.001391289	0.0004004643	-1.7804307e-13	2.2178474e-15	4.7641616e-17	-1.7577724e-13	-0.002966701	0.0027823914	-0.9991991	-1.9931011e-07	1.8692738e-07	1
0	-0.0015558939	0.0014585587	0.00042210738	0	0	-0.11499984	-0.0015558939	0.0014585588	0.0004221074	-1.7804298e-13	2.217753e-15	4.765206e-17	-1.7577725e-13	-0.003111579	0.0029169216	-0.99915576	-2.0903279e-07	1.9595551e-07	1
0	-0.0016354546	0.0015323508	0.00044595829	0	0	-0.10999988	-0.0016354545	0.0015323509	0.0004459583	-1.7804294e-13	2.217649e-15	4.766307e-17	-1.7577728e-13	-0.0032706892	0.003064496	-0.999108	-2.1971051e-07	2.0585891e-07	1
0	-0.0017248957	0.0016152263	0.0004725028	0	0	-0.10499983	-0.0017248958	0.0016152262	0.0004725028	-1.7804284e-13	2.217533e-15	4.767471e-17	-1.7577728e-13	-0.0034495594	0.0032302353	-0.99905497	-2.3171472e-07	2.1698173e-07	1
0	-0.0018238779	0.0017068327	0.0005020342	0	0	-0.10000009	-0.0018238779	0.0017068327	0.0005020342	-1.7804273e-13	2.2174041e-15	4.7687035e-17	-1.7577728e-13	-0.003647511	0.003413436	-0.9989959	-2.449992e-07	2.2927614e-07	1
0	-0.001934502	0.0018090757	0.000535121	0	0	-0.09500003	-0.001934502	0.0018090757	0.00053512095	-1.7804261e-13	2.2172595e-15	4.7700128e-17	-1.7577731e-13	-0.0038687442	0.0036179083	-0.99892974	-2.5984608e-07	2.42998e-07	1
0	-0.0020603961	0.0019252852	0.0005725548	0	0	-0.090000086	-0.0020603961	0.0019252852	0.0005725548	-1.780425e-13	2.2170956e-15	4.7714054e-17	-1.7577733e-13	-0.0041205157	0.0038503117	-0.9988549	-2.7674255e-07	2.5859447e-07	1
0	-0.0022029025	0.0020566063	0.00061509194	0	0	-0.08500003	-0.0022029025	0.0020566063	0.0006150919	-1.7804238e-13	2.2169097e-15	4.7728927e-17	-1.7577735e-13	-0.004405509	0.0041129366	-0.9987699	-2.958684e-07	2.7621888e-07	1
0	-0.0023673335	0.0022078855	0.0006639804	0	0	-0.079999946	-0.0023673335	0.0022078853	0.0006639804	-1.7804218e-13	2.2166958e-15	4.7744842e-17	-1.7577736e-13	-0.0047343494	0.0044154744	-0.99867207	-3.179369e-07	2.9652205e-07	1
0	-0.0025579606	0.0023829206	0.0007206647	0	0	-0.074999906	-0.0025579603	0.0023829206	0.0007206647	-1.7804199e-13	2.2164476e-15	4.7761935e-17	-1.7577739e-13	-0.0051155775	0.0047655213	-0.99855864	-3.435211e-07	3.2001336e-07	1
0	-0.0027816787	0.0025878693	0.0007871685	0	0	-0.070000045	-0.0027816787	0.0025878693	0.0007871685	-1.7804173e-13	2.2161567e-15	4.7780364e-17	-1.7577742e-13	-0.0055629835	0.0051753907	-0.99842566	-3.7354647e-07	3.4751932e-07	1
0	-0.0030489406	0.002832124	0.000866368	0	0	-0.065000035	-0.0030489406	0.002832124	0.000866368	-1.7804145e-13	2.2158098e-15	4.7800306e-17	-1.7577746e-13	-0.0060974713	0.0056638676	-0.9982673	-4.0941603e-07	3.8030066e-07	1
0	-0.0033712117	0.003125821	0.00096206844	0	0	-0.059999947	-0.0033712117	0.003125821	0.00096206844	-1.7804111e-13	2.2153903e-15	4.7821968e-17	-1.7577747e-13	-0.006741971	0.0062512225	-0.99807584	-4.5266813e-07	4.1971734e-07	1
0	-0.0037743044	0.0034918864	0.001080652	0	0	-0.05499994	-0.0037743044	0.003491887	0.001080652	-1.7804065e-13	2.2148702e-15	4.7845602e-17	-1.7577751e-13	-0.0075481017	0.006983305	-0.9978386	-5.0676783e-07	4.688471e-07	1
0	-0.004284991	0.003953725	0.001230808	0	0	-0.050000045	-0.004284991	0.003953725	0.001230808	-1.7804005e-13	2.2142127e-15	4.7871496e-17	-1.7577754e-13	-0.008569407	0.007906919	-0.99753845	-5.7530787e-07	5.308303e-07	1
0	-0.0049537206	0.004555426	0.0014272209	0	0	-0.045000043	-0.0049537206	0.0045554256	0.0014272209	-1.7803929e-13	2.213351e-15	4.7899935e-17	-1.757776e-13	-0.009906776	0.00911024	-0.99714553	-6.6505856e-07	6.1158414e-07	1
0	-0.005876894	0.005380277	0.0016963868	0	0	-0.039999973	-0.005876894	0.005380277	0.0016963868	-1.7803821e-13	2.2121714e-15	4.793114e-17	-1.7577765e-13	-0.011753	0.010759832	-0.99660724	-7.8895897e-07	7.222875e-07	1
0	-0.007222605	0.0065714554	0.0020876005	0	0	-0.035000023	-0.007222605	0.0065714554	0.0020876005	-1.7803666e-13	2.210457e-15	4.7964968e-17	-1.7577771e-13	-0.014444239	0.013142029	-0.9958248	-9.695684e-07	8.821554e-07	1
0	-0.009399148	0.008470658	0.0027146824	0	0	-0.029999973	-0.009399148	0.008470658	0.0027146826	-1.7803407e-13	2.2077115e-15	4.799963e-17	-1.757778e-13	-0.018797033	0.016940178	-0.9945706	-1.2616858e-06	1.1370483e-06	1
0	-0.013489383	0.011963885	0.0038980357	0	0	-0.025000023	-0.013489383	0.011963885	0.0038980357	-1.7802915e-13	2.2025444e-15	4.8025858e-17	-1.7577789e-13	-0.026976956	0.023926165	-0.99220383	-1.810643e-06	1.6058764e-06	1
0	-0.023544952	0.020317985	0.007089537	0	0	-0.019999987	-0.023544952	0.020317985	0.0070895366	-1.7801579e-13	2.1887232e-15	4.7978285e-17	-1.7577808e-13	-0.047086746	0.040633243	-0.985821	-3.1602042e-06	2.7270762e-06	1
0	-0.031843536	0.027248174	0.011189793	0	0	-0.014999987	-0.031843532	0.027248174	0.011189793	-1.7799877e-13	2.1712574e-15	4.788524e-17	-1.7577845e-13	-0.063682795	0.05449269	-0.97762036	-4.273676e-06	3.6569372e-06	1
0	-0.032787185	0.028040413	0.011765048	0	0	-0.009999993	-0.032787185	0.028040413	0.011765048	-1.7799645e-13	2.1688336e-15	4.7882954e-17	-1.7577889e-13	-0.06556997	0.056077063	-0.9764699	-4.3998957e-06	3.7628977e-06	1
0	-0.033490844	0.02863448	0.012226135	0	0	-0.0049999966	-0.033490844	0.02863448	0.012226135	-1.7799455e-13	2.1668954e-15	4.7883315e-17	-1.7577934e-13	-0.066977195	0.057265118	-0.9755477	-4.4938874e-06	3.8422454e-06	1
0	-0.03430091	0.029320113	0.012780696	0	0	9.887924e-17	-0.03430091	0.029320115	0.012780697	-1.7799229e-13	2.1645686e-15	4.7884126e-17	-1.7577984e-13	-0.06859721	0.058636297	-0.97443855	-4.6021382e-06	3.9338656e-06	1
0	-0.035462394	0.030304186	0.013606507	0	0	0.0049999966	-0.035462394	0.030304186	0.013606507	-1.7798896e-13	2.1611141e-15	4.7883163e-17	-1.7578041e-13	-0.07092003	0.060604304	-0.972787	-4.7575168e-06	4.0655077e-06	1
0	-0.036903128	0.031525057	0.014673101	0	0	0.009999993	-0.036903128	0.031525057	0.014673101	-1.7798461e-13	2.1566706e-15	4.787764e-17	-1.757811e-13	-0.07380131	0.06304589	-0.97065383	-4.9503287e-06	4.2288934e-06	1
0	-0.038626224	0.032984786	0.016007366	0	0	0.014999987	-0.038626224	0.032984786	0.016007364	-1.7797924e-13	2.1511405e-15	4.786492e-17	-1.7578193e-13	-0.07724726	0.065965146	-0.96798533	-5.1809816e-06	4.4242897e-06	1
0	-0.04132939	0.03527264	0.018224852	0	0	0.019999987	-0.041329388	0.03527264	0.018224852	-1.7797034e-13	2.1420208e-15	4.7830045e-17	-1.7578307e-13	-0.08265324	0.07054055	-0.9635502	-5.5430487e-06	4.730727e-06	1
0	-0.04392363	0.03746555	0.020499684	0	0	0.025000023	-0.04392363	0.03746555	0.020499684	-1.7796128e-13	2.1327582e-15	4.7780606e-17	-1.7578437e-13	-0.08784138	0.07492607	-0.95900065	-5.890444e-06	5.0243784e-06	1
0	0.0028970446	-0.00076555787	0.71465284	0	0	0.029999973	0.0028970446	-0.00076555787	0.71465284	-1.7768175e-13	1.8465507e-15	-6.373108e-17	-1.7605066e-13	0.0057937005	-0.0015310132	0.42930555	3.885962e-07	-1.0266614e-07	1
0	0.0024648178	-0.00037931043	0.7335278	0	0	0.035000023	0.0024648178	-0.00037931043	0.7335278	-1.7770071e-13	1.8657072e-15	-5.97647e-17	-1.7607645e-13	0.0049293046	-0.00075857	0.46705553	3.3059874e-07	-5.085304e-08	1
0	0.0022098848	-3.6220255e-05	0.7510487	0	0	0.039999973	0.0022098848	-3.6220255e-05	0.7510486	-1.7771906e-13	1.8844897e-15	-5.565229e-17	-1.7610287e-13	0.004419473	-7.2435665e-05	0.50209725	2.9638815e-07	-4.8326023e-09	1
0	0.0019987659	0.00024781263	0.7644797	0	0	0.045000043	0.0019987659	0.00024781266	0.7644797	-1.7773342e-13	1.8991876e-15	-5.2092986e-17	-1.7612982e-13	0.0039972635	0.000495592	0.52895945	2.680587e-07	3.326006e-08	1
0	0.0018464589	0.0010119263	0.7832583	0	0	0.050000045	0.0018464589	0.0010119263	0.7832583	-1.7775511e-13	1.9215368e-15	-4.7124668e-17	-1.7615789e-13	0.0036926705	0.002023717	0.5665166	2.476162e-07	1.3573674e-07	1
0	0.0017769141	0.0012442023	0.7931402	0	0	0.05499994	0.0017769141	0.0012442021	0.7931402	-1.7776617e-13	1.9329178e-15	-4.407602e-17	-1.7618608e-13	0.0035535898	0.0024882373	0.5862803	2.3827701e-07	1.6687792e-07	1
0	0.0017358093	0.0014302204	0.80342156	0	0	0.059999947	0.0017358093	0.0014302204	0.80342156	-1.7777818e-13	1.945227e-15	-4.07361e-17	-1.7621488e-13	0.0034713852	0.0028602488	0.6068432	2.3275305e-07	1.9181665e-07	1
0	0.0016449821	0.001551694	0.81586385	0	0	0.065000035	0.0016449821	0.001551694	0.81586385	-1.7779327e-13	1.9607402e-15	-3.6718557e-17	-1.762446e-13	0.0032897443	0.00310318	0.6317277	2.2056375e-07	2.0810025e-07	1
0	0.0015336485	0.0016590774	0.8233472	0	0	0.070000045	0.0015336485	0.0016590774	0.8233472	-1.7780196e-13	1.969675e-15	-3.414496e-17	-1.7627436e-13	0.003067091	0.0033179324	0.6466945	2.0563192e-07	2.2247929e-07	1
0	0.00074311905	0.00209626	0.8385774	0	0	0.074999906	0.00074311905	0.00209626	0.8385774	-1.7782104e-13	1.9892753e-15	-2.9385995e-17	-1.7630629e-13	0.0014861387	0.0041922387	0.6771548	9.962779e-08	2.8108082e-07	1
0	0.00064752274	0.0026591853	0.8493291	0	0	0.079999946	0.00064752274	0.0026591853	0.8493292	-1.7783378e-13	2.0024314e-15	-2.5929136e-17	-1.7633819e-13	0.0012949588	0.005318014	0.69865835	8.679194e-08	3.565357e-07	1
0	0.00063579355	0.0028457094	0.85442376	0	0	0.08500003	0.00063579355	0.0028457094	0.85442376	-1.7783943e-13	2.0083537e-15	-2.4053223e-17	-1.7636917e-13	0.0012715019	0.0056910375	0.7088475	8.521806e-08	3.8152248e-07	1
0	0.0017097824	0.0037553571	0.8699189	0	0	0.090000086	0.0017097825	0.0037553571	0.8699189	-1.7785762e-13	2.0272279e-15	-1.9188046e-17	-1.7640372e-13	0.003419336	0.007510212	0.7398377	2.2914845e-07	5.0343124e-07	1
0	0.0018247622	0.003980033	0.87345463	0	0	0.09500003	0.0018247622	0.0039800336	0.87345463	-1.778613e-13	2.0310776e-15	-1.7801843e-17	-1.7643535e-13	0.00364928	0.0079595335	0.7469091	2.4458643e-07	5.335159e-07	1
0	0.0016639186	0.0044132895	0.8803495	0	0	0.10000009	0.0016639186	0.0044132895	0.8803495	-1.778688e-13	2.0388043e-15	-1.4947081e-17	-1.7646804e-13	0.0033276137	0.008825988	0.76069915	2.2306708e-07	5.915529e-07	1
0	0.0014619619	0.0046713473	0.88464534	0	0	0.10499983	0.0014619621	0.0046713473	0.8846454	-1.7787337e-13	2.043561e-15	-1.31064675e-17	-1.7650038e-13	0.0029237282	0.00934207	0.7692907	1.95996e-07	6.2610275e-07	1
0	0.0013018111	0.0048856493	0.88857174	0	0	0.10999988	0.0013018111	0.0048856493	0.8885717	-1.7787756e-13	2.047903e-15	-1.1354236e-17	-1.7653282e-13	0.0026034478	0.009770644	0.7771435	1.7451988e-07	6.5478787e-07	1
0	0.0011708268	0.00506623	0.8923899	0	0	0.11499984	0.0011708268	0.00506623	0.8923899	-1.7788162e-13	2.0521309e-15	-9.6101645e-18	-1.7656547e-13	0.0023414963	0.01013178	0.78477967	1.5695692e-07	6.789572e-07	1
0	0.001056962	0.005204548	0.896033	0	0	0.11999989	0.001056962	0.005204547	0.896033	-1.7788548e-13	2.0561706e-15	-7.927606e-18	-1.7659829e-13	0.002113782	0.010408398	0.79206604	1.4169281e-07	6.9746653e-07	1
0	0.0008219978	0.00550675	0.9101005	0	0	0.125	0.0008219978	0.00550675	0.9101005	-1.7790031e-13	2.0717162e-15	-2.6227521e-18	-1.7663642e-13	0.0016438855	0.011012763	0.82020104	1.1014724e-07	7.379713e-07	1
0	7.151823e-05	-0.0020020467	0.99201554	0	0	0.13000007	7.151823e-05	-0.0020020467	0.99201554	-1.780272e-13	2.2036488e-15	1.2559168e-18	-1.7673508e-13	0.00014302686	-0.004003825	0.984031	9.584844e-09	-2.6832544e-07	1
0	8.9406494e-05	-0.0019346103	0.9924212	0	0	0.13500017	8.9406494e-05	-0.0019346103	0.99242127	-1.78028e-13	2.2044748e-15	1.303118e-18	-1.767705e-13	0.00017880104	-0.0038689612	0.9848425	1.1944655e-08	-2.5928907e-07	1
0	0.0012525526	-0.0014172957	0.99468005	0	0	0.14000009	0.0012525525	-0.0014172955	0.99468005	-1.7803308e-13	2.2096555e-15	1.7448825e-18	-1.7680733e-13	0.0025049376	-0.0028344013	0.98936003	1.6774635e-07	-1.8990195e-07	1
0	0.0013343293	-0.0014160929	0.9948337	0	0	0.14500023	0.0013343293	-0.0014160929	0.99483365	-1.7803334e-13	2.2099149e-15	1.7924545e-18	-1.7684263e-13	0.00266848	-0.002831996	0.9896673	1.787036e-07	-1.8973043e-07	1
0	0.0013977413	-0.0014161052	0.9949904	0	0	0.14999981	0.0013977413	-0.0014161053	0.9949904	-1.780336e-13	2.2101718e-15	1.8464594e-18	-1.7687795e-13	0.0027952953	-0.0028320206	0.9899808	1.871971e-07	-1.8972203e-07	1
0	0.00145583	-0.0014172907	0.9951697	0	0	0.15500008	0.0014558302	-0.0014172907	0.9951697	-1.7803384e-13	2.2104574e-15	1.9122228e-18	-1.7691324e-13	0.0029114652	-0.0028343918	0.99033934	1.9497514e-07	-1.898701e-07	1
0	0.0015190644	-0.0014213024	0.9954033	0	0	0.15999989	0.0015190645	-0.0014213024	0.9954033	-1.7803418e-13	2.2108163e-15	1.999868e-18	-1.7694863e-13	0.0030379256	-0.0028424147	0.9908067	2.0344031e-07	-1.9039513e-07	1
0	0.0015760397	-0.0014278508	0.99565136	0	0	0.1650002	0.0015760398	-0.0014278508	0.9956513	-1.7803453e-13	2.2111818e-15	2.0912547e-18	-1.7698404e-13	0.0031518685	-0.0028555105	0.99130267	2.1106634e-07	-1.9126094e-07	1
0	0.001622366	-0.001434315	0.9958945	0	0	0.17000006	0.001622366	-0.001434315	0.99589455	-1.7803486e-13	2.2115287e-15	2.1768e-18	-1.7701944e-13	0.003244515	-0.002868438	0.9917891	2.1726687e-07	-1.9211788e-07	1
0	0.0016647307	-0.0014392254	0.9961842	0	0	0.17499986	0.0016647307	-0.0014392254	0.99618423	-1.7803521e-13	2.2119387e-15	2.2701534e-18	-1.770549e-13	0.0033292389	-0.0028782585	0.99236834	2.229406e-07	-1.9276973e-07	1
0	0.001692714	-0.0014361641	0.99651724	0	0	0.18000017	0.0016927142	-0.0014361641	0.99651724	-1.7803569e-13	2.212432e-15	2.3613084e-18	-1.7709047e-13	0.003385201	-0.002872136	0.9930345	2.266985e-07	-1.9236185e-07	1
0	0.00086324953	-0.00077921036	0.9988748	0	0	0.18499996	0.0008632496	-0.0007792105	0.9988748	-1.7804116e-13	2.218044e-15	3.612746e-18	-1.7712744e-13	0.0017263835	-0.0015583165	0.9977496	1.1561244e-07	-1.04357525e-07	1
0	0.00083981315	-0.0007622273	0.9989992	0	0	0.19000006	0.00083981315	-0.00076222734	0.9989992	-1.7804146e-13	2.2183518e-15	3.7612395e-18	-1.7716281e-13	0.0016795138	-0.0015243526	0.99799836	1.12468e-07	-1.0207789e-07	1
0	0.0008199551	-0.0007453634	0.99905634	0	0	0.19499981	0.000819955	-0.0007453634	0.99905634	-1.780416e-13	2.2184994e-15	3.8236316e-18	-1.7719815e-13	0.0016398004	-0.001490627	0.99811274	1.098036e-07	-9.981478e-08	1
0	0.0007951771	-0.0007237131	0.9991167	0	0	0.20499994	0.00079517707	-0.0007237131	0.9991167	-1.7804173e-13	2.21866e-15	3.883145e-18	-1.7726888e-13	0.0015902477	-0.0014473294	0.9982334	1.06479e-07	-9.690941e-08	1
0	0.00071934925	-0.0006558668	0.9992657	0	0	0.25499967	0.00071934925	-0.0006558668	0.9992657	-1.7804207e-13	2.2190715e-15	4.0057164e-18	-1.7762252e-13	0.0014386021	-0.0013116458	0.99853146	9.630406e-08	-8.780485e-08	1
0	0.000682752	-0.0006218415	0.99934864	0	0	0.30500022	0.000682752	-0.0006218416	0.9993486	-1.7804225e-13	2.2192947e-15	4.004162e-18	-1.779763e-13	0.0013654127	-0.0012435999	0.99869716	9.138088e-08	-8.323653e-08	1
0	0.000569293	-0.00052233686	0.9996069	0	0	0.3549996	0.000569293	-0.00052233686	0.9996069	-1.7804288e-13	2.2200151e-15	3.400717e-18	-1.7833113e-13	0.0011385098	-0.0010446039	0.9992138	7.617681e-08	-6.987973e-08	1
0	0.00039243136	-0.0003701031	0.9999175	0	0	0.40499973	0.00039243136	-0.0003701031	0.9999175	-1.7804376e-13	2.220951e-15	2.1179156e-19	-1.786889e-13	0.0007848102	-0.00074015686	0.99983495	5.244131e-08	-4.945759e-08	1
0	0.00034928363	-0.00032942923	0.999929	0	0	0.45500082	0.00034928363	-0.00032942923	0.99992895	-1.7804376e-13	2.2210009e-15	1.9363441e-19	-1.7904279e-13	0.0006985206	-0.00065881445	0.999858	4.6652037e-08	-4.4000203e-08	1
0	0.00031467932	-0.00029679842	0.99993813	0	0	0.5050003	0.00031467932	-0.00029679842	0.999938	-1.7804376e-13	2.2210394e-15	1.7827929e-19	-1.7939666e-13	0.00062931667	-0.0005935572	0.99987614	4.2009077e-08	-3.962203e-08	1
0	0.0002863105	-0.00027004234	0.9999454	0	0	0.55500025	0.0002863105	-0.00027004236	0.99994534	-1.7804376e-13	2.221071e-15	1.6510772e-19	-1.7975054e-13	0.0005725827	-0.00054004864	0.9998907	3.8202767e-08	-3.6032105e-08	1
0	0.00026263276	-0.00024770809	0.99995124	0	0	0.60500026	0.00026263276	-0.00024770809	0.9999513	-1.7804375e-13	2.2210957e-15	1.5367527e-19	-1.8010441e-13	0.00052523054	-0.00049538317	0.9999026	3.5025895e-08	-3.3035487e-08	1
0	0.00024256893	-0.00022878108	0.9999563	0	0	0.6549993	0.00024256893	-0.00022878108	0.99995637	-1.7804375e-13	2.2211173e-15	1.4365286e-19	-1.804583e-13	0.0004851055	-0.00045753166	0.99991256	3.2333922e-08	-3.0496043e-08	1
0	0.00022535374	-0.00021254041	0.9999604	0	0	0.70500124	0.00022535374	-0.00021254041	0.9999604	-1.7804374e-13	2.2211355e-15	1.3479133e-19	-1.8081217e-13	0.0004506775	-0.0004250525	0.9999209	3.0024168e-08	-2.8317041e-08	1
0	0.00021041787	-0.00019844962	0.99996394	0	0	0.7549992	0.00021041789	-0.00019844962	0.999964	-1.7804371e-13	2.2211504e-15	1.268979e-19	-1.8116605e-13	0.00042080777	-0.0003968728	0.99992806	2.8020246e-08	-2.6426502e-08	1
0	0.00019733874	-0.00018611025	0.9999671	0	0	0.80500025	0.00019733874	-0.00018611025	0.9999671	-1.7804368e-13	2.2211637e-15	1.1982099e-19	-1.815199e-13	0.0003946512	-0.00037219573	0.9999342	2.626545e-08	-2.4770966e-08	1
0	0.00018578976	-0.00017521439	0.9999698	0	0	0.85500133	0.00018578977	-0.0001752144	0.9999698	-1.7804368e-13	2.221175e-15	1.1343968e-19	-1.8187379e-13	0.00037155484	-0.0003504055	0.99993944	2.471597e-08	-2.3309111e-08	1
0	0.00017551701	-0.00016552261	0.9999721	0	0	0.9049992	0.00017551701	-0.00016552262	0.9999721	-1.7804367e-13	2.2211849e-15	1.0765604e-19	-1.8222769e-13	0.00035101068	-0.00033102324	0.9999441	2.3337723e-08	-2.2008816e-08	1
0	0.00016632046	-0.00015684625	0.99997413	0	0	0.95500135	0.00016632046	-0.00015684625	0.99997413	-1.7804366e-13	2.2211933e-15	1.0238985e-19	-1.8258156e-13	0.00033261883	-0.00031367163	0.9999482	2.2103878e-08	-2.0844762e-08	1
