# t (s)	mx ()	my ()	mz ()	B_extx (T)	B_exty (T)	B_extz (T)	mx ()	my ()	mz ()	E_anis (J)	E_demag (J)	E_exch (J)	E_total (J)	m_zrange1_x ()	m_zrange1_y ()	m_zrange1_z ()	m_zrange0_x ()	m_zrange0_y ()	m_zrange0_z ()
0	0	0	1	0	0	1	0	0	1	-1.7804318e-13	1.7992557e-15	-0	-1.8261403e-13	0	0	1	0	0	1
0	0.0001641466	-0.00015477795	0.9999744	0	0	0.94999886	0.0001641466	-0.00015477795	0.9999744	-1.7804366e-13	1.7991676e-15	1.0086473e-19	-1.8229582e-13	0.0003282918	-0.00030955457	0.9999488	1.4564937e-09	-1.3733702e-09	1
0	0.00017216083	-0.00016233826	0.9999726	0	0	0.900001	0.00017216083	-0.00016233826	0.9999727	-1.7804367e-13	1.7991615e-15	1.05455104e-19	-1.8197733e-13	0.00034432014	-0.00032467506	0.9999452	1.5282919e-09	-1.4410978e-09	1
0	0.00018099743	-0.00017067457	0.9999706	0	0	0.849999	0.00018099743	-0.00017067457	0.9999706	-1.7804367e-13	1.7991547e-15	1.1044158e-19	-1.8165882e-13	0.00036199324	-0.00034134762	0.99994123	1.6074551e-09	-1.5157824e-09	1
0	0.00019078855	-0.00017991175	0.9999684	0	0	0.8000007	0.00019078853	-0.00017991175	0.99996835	-1.7804368e-13	1.799147e-15	1.1587765e-19	-1.8134034e-13	0.00038157537	-0.0003598219	0.9999367	1.6951729e-09	-1.5985364e-09	1
0	0.00020170254	-0.00019020845	0.9999658	0	0	0.75	0.00020170254	-0.00019020845	0.9999658	-1.7804371e-13	1.799138e-15	1.2182682e-19	-1.8102185e-13	0.0004034033	-0.00038041524	0.9999316	1.79295e-09	-1.690782e-09	1
0	0.00021393779	-0.00020175225	0.9999629	0	0	0.69999945	0.00021393778	-0.00020175223	0.9999628	-1.7804371e-13	1.7991278e-15	1.2836564e-19	-1.8070335e-13	0.00042787363	-0.00040350272	0.99992573	1.9025639e-09	-1.7942037e-09	1
0	0.00022775297	-0.0002147873	0.9999595	0	0	0.6500008	0.00022775297	-0.00021478732	0.9999595	-1.7804374e-13	1.7991164e-15	1.3558683e-19	-1.8038488e-13	0.0004555039	-0.0004295727	0.99991906	2.026335e-09	-1.910981e-09	1
0	0.00024347375	-0.00022962119	0.9999557	0	0	0.59999925	0.00024347375	-0.00022962118	0.9999557	-1.7804375e-13	1.799103e-15	1.4360432e-19	-1.800664e-13	0.00048694536	-0.00045924028	0.99991137	2.1671769e-09	-2.0438802e-09	1
0	0.00026152443	-0.00024665453	0.9999511	0	0	0.5499998	0.00026152443	-0.00024665453	0.9999511	-1.7804375e-13	1.7990874e-15	1.5255936e-19	-1.7974789e-13	0.0005230465	-0.00049330684	0.9999023	2.3288946e-09	-2.1964832e-09	1
0	0.0002824639	-0.00026641533	0.9999458	0	0	0.5	0.0002824639	-0.0002664153	0.9999458	-1.7804376e-13	1.799069e-15	1.6263018e-19	-1.7942942e-13	0.0005649253	-0.0005328283	0.99989164	2.516495e-09	-2.3735232e-09	1
0	0.00030704626	-0.00028961588	0.9999395	0	0	0.4500005	0.00030704626	-0.00028961588	0.9999395	-1.7804376e-13	1.799047e-15	1.740445e-19	-1.7911092e-13	0.0006140898	-0.00057922926	0.99987894	2.7367335e-09	-2.5813833e-09	1
0	0.00033631353	-0.00031724086	0.99993175	0	0	0.40000036	0.00033631353	-0.00031724086	0.9999317	-1.7804376e-13	1.79902e-15	1.8709948e-19	-1.7879242e-13	0.0006726241	-0.0006344789	0.9998635	2.9989464e-09	-2.8288856e-09	1
0	0.00037174593	-0.00035068922	0.99992216	0	0	0.34999973	0.00037174593	-0.00035068922	0.99992216	-1.7804376e-13	1.798987e-15	2.0219077e-19	-1.7847393e-13	0.00074348855	-0.0007013753	0.9998445	3.3164025e-09	-3.128556e-09	1
0	0.00041550986	-0.00039200968	0.9999103	0	0	0.29999962	0.00041550986	-0.0003920097	0.9999103	-1.7804376e-13	1.7989455e-15	2.1985926e-19	-1.7815546e-13	0.00083101593	-0.0007840159	0.99982053	3.7084982e-09	-3.4987615e-09	1
0	0.00047094113	-0.00044435752	0.9998948	0	0	0.25	0.00047094113	-0.00044435755	0.99989486	-1.7804376e-13	1.7988917e-15	2.408678e-19	-1.7783699e-13	0.00094187807	-0.00088871113	0.9997897	4.2051234e-09	-3.9677657e-09	1
0	0.0005519001	-0.00052083965	0.9998718	0	0	0.19499981	0.0005519001	-0.00052083965	0.99987185	-1.7804376e-13	1.7988113e-15	2.6918538e-19	-1.7748669e-13	0.0011037955	-0.0010416746	0.9997437	4.93047e-09	-4.653e-09	1
0	0.0005606504	-0.00052911	0.99986935	0	0	0.19000006	0.0005606504	-0.00052911	0.99986935	-1.7804376e-13	1.7988024e-15	2.7209928e-19	-1.7745485e-13	0.0011212958	-0.0010582153	0.9997387	5.008869e-09	-4.727104e-09	1
0	0.0005697056	-0.0005376657	0.9998668	0	0	0.18499996	0.0005697056	-0.0005376657	0.9998668	-1.7804375e-13	1.7987935e-15	2.750785e-19	-1.7742299e-13	0.001139406	-0.0010753266	0.99973345	5.0899946e-09	-4.803754e-09	1
0	0.00057904713	-0.0005464931	0.9998641	0	0	0.18000017	0.00057904713	-0.0005464931	0.9998641	-1.7804375e-13	1.798784e-15	2.7812555e-19	-1.7739114e-13	0.001158089	-0.0010929813	0.99972814	5.173691e-09	-4.8828426e-09	1
0	0.000588695	-0.0005556109	0.99986124	0	0	0.17499986	0.000588695	-0.0005556109	0.99986124	-1.7804375e-13	1.7987742e-15	2.8124283e-19	-1.7735931e-13	0.0011773846	-0.0011112168	0.99972254	5.260132e-09	-4.9645337e-09	1
0	0.00059867214	-0.0005650403	0.99985844	0	0	0.17000006	0.00059867214	-0.0005650403	0.9998584	-1.7804375e-13	1.798764e-15	2.844329e-19	-1.7732746e-13	0.0011973388	-0.0011300754	0.9997168	5.3495217e-09	-5.0490154e-09	1
0	0.0006089917	-0.0005747942	0.99985534	0	0	0.1650002	0.0006089917	-0.00057479425	0.9998554	-1.7804375e-13	1.7987537e-15	2.8769892e-19	-1.7729562e-13	0.001217978	-0.0011495834	0.9997108	5.441979e-09	-5.1364033e-09	1
0	0.0006196707	-0.0005848884	0.9998523	0	0	0.15999989	0.0006196707	-0.0005848884	0.9998523	-1.7804374e-13	1.7987429e-15	2.9104347e-19	-1.7726378e-13	0.0012393359	-0.0011697717	0.9997046	5.537653e-09	-5.226847e-09	1
0	0.0006307337	-0.0005953458	0.999849	0	0	0.15500008	0.0006307337	-0.0005953458	0.999849	-1.7804372e-13	1.7987316e-15	2.9446955e-19	-1.7723193e-13	0.0012614618	-0.0011906862	0.99969816	5.6367777e-09	-5.320537e-09	1
0	0.0006421994	-0.0006061844	0.99984574	0	0	0.14999981	0.0006421994	-0.0006061844	0.9998457	-1.7804372e-13	1.7987198e-15	2.979806e-19	-1.7720007e-13	0.0012843931	-0.0012123634	0.9996914	5.739502e-09	-5.417647e-09	1
0	0.0006540895	-0.00061742467	0.9998423	0	0	0.14500023	0.0006540895	-0.00061742467	0.9998423	-1.7804371e-13	1.7987077e-15	3.015799e-19	-1.7716822e-13	0.0013081729	-0.0012348437	0.9996846	5.846032e-09	-5.518354e-09	1
0	0.0006664246	-0.0006290871	0.99983865	0	0	0.14000009	0.0006664246	-0.0006290871	0.9998386	-1.7804371e-13	1.7986952e-15	3.0527147e-19	-1.7713638e-13	0.0013328432	-0.0012581686	0.9996773	5.956544e-09	-5.6228413e-09	1
0	0.00067922473	-0.00064119	0.9998349	0	0	0.13500017	0.00067922473	-0.00064119004	0.9998349	-1.7804368e-13	1.7986819e-15	3.0905861e-19	-1.771045e-13	0.0013584433	-0.0012823743	0.99966985	6.0712306e-09	-5.7312786e-09	1
0	0.00069254666	-0.0006537867	0.999831	0	0	0.13000007	0.0006925466	-0.0006537867	0.999831	-1.7804368e-13	1.7986681e-15	3.1294595e-19	-1.7707267e-13	0.001385087	-0.0013075673	0.99966204	6.19059e-09	-5.844138e-09	1
0	0.00070638966	-0.00066687714	0.99982697	0	0	0.125	0.00070638966	-0.0006668771	0.999827	-1.7804368e-13	1.798654e-15	3.1693756e-19	-1.7704084e-13	0.001412773	-0.0013337483	0.9996538	6.314611e-09	-5.9614194e-09	1
0	0.00072080665	-0.0006805104	0.99982274	0	0	0.11999989	0.0007208066	-0.00068051036	0.99982274	-1.7804367e-13	1.798639e-15	3.21038e-19	-1.7700897e-13	0.0014416066	-0.0013610146	0.9996455	6.4437815e-09	-6.0835674e-09	1
0	0.00073580473	-0.00069469644	0.9998183	0	0	0.11499984	0.00073580473	-0.00069469644	0.9998182	-1.7804366e-13	1.7986234e-15	3.2525254e-19	-1.7697713e-13	0.0014716029	-0.0013893867	0.99963653	6.578155e-09	-6.21067e-09	1
0	0.00075144897	-0.00070949394	0.99981374	0	0	0.10999988	0.000751449	-0.000709494	0.9998137	-1.7804366e-13	1.7986075e-15	3.295861e-19	-1.7694529e-13	0.0015028913	-0.0014189816	0.99962735	6.7183192e-09	-6.3432477e-09	1
0	0.00076777313	-0.0007249359	0.99980885	0	0	0.10499983	0.0007677732	-0.0007249359	0.99980885	-1.7804366e-13	1.7985904e-15	3.3404422e-19	-1.7691346e-13	0.0015355395	-0.0014498655	0.9996176	6.8645765e-09	-6.4815966e-09	1
0	0.0007848198	-0.00074106304	0.9998038	0	0	0.10000009	0.0007848198	-0.000741063	0.9998038	-1.7804364e-13	1.7985726e-15	3.3863309e-19	-1.7688161e-13	0.0015696326	-0.0014821193	0.9996075	7.017304e-09	-6.626092e-09	1
0	0.00080264057	-0.00075792393	0.9997985	0	0	0.09500003	0.00080264045	-0.00075792393	0.9997985	-1.7804364e-13	1.7985542e-15	3.4335898e-19	-1.7684977e-13	0.0016052738	-0.001515841	0.99959695	7.1769737e-09	-6.7771566e-09	1
0	0.00082128664	-0.0007755679	0.9997929	0	0	0.090000086	0.00082128664	-0.0007755679	0.9997929	-1.7804362e-13	1.7985347e-15	3.482286e-19	-1.7681792e-13	0.0016425659	-0.0015511288	0.99958587	7.344033e-09	-6.9352373e-09	1
0	0.00084081956	-0.0007940533	0.9997871	0	0	0.08500003	0.00084081956	-0.0007940533	0.9997871	-1.7804362e-13	1.7985142e-15	3.5324937e-19	-1.7678606e-13	0.0016816317	-0.0015880995	0.9995742	7.519035e-09	-7.1008603e-09	1
0	0.0008613005	-0.00081343786	0.99978095	0	0	0.079999946	0.00086130056	-0.00081343786	0.99978095	-1.7804357e-13	1.7984926e-15	3.5842928e-19	-1.7675421e-13	0.0017225933	-0.0016268683	0.999562	7.7025355e-09	-7.274533e-09	1
0	0.0008828069	-0.00083379546	0.99977463	0	0	0.074999906	0.0008828069	-0.00083379546	0.99977463	-1.7804356e-13	1.7984701e-15	3.6377653e-19	-1.7672238e-13	0.0017656058	-0.0016675834	0.99954915	7.895224e-09	-7.456926e-09	1
0	0.00090541155	-0.00085519534	0.9997678	0	0	0.070000045	0.0009054116	-0.0008551953	0.9997679	-1.7804353e-13	1.7984462e-15	3.6930019e-19	-1.7669053e-13	0.0018108151	-0.0017103829	0.99953556	8.0977465e-09	-7.648659e-09	1
0	0.0009292046	-0.000877723	0.99976075	0	0	0.065000035	0.0009292045	-0.0008777231	0.99976075	-1.7804353e-13	1.7984212e-15	3.750104e-19	-1.766587e-13	0.0018584006	-0.0017554383	0.99952126	8.310923e-09	-7.850495e-09	1
0	0.00095427845	-0.00090146705	0.9997532	0	0	0.059999947	0.00095427845	-0.00090146705	0.9997532	-1.7804352e-13	1.7983947e-15	3.8091734e-19	-1.7662686e-13	0.0019085483	-0.0018029262	0.99950624	8.5355705e-09	-8.06323e-09	1
0	0.0009807411	-0.00092653016	0.99974513	0	0	0.05499994	0.0009807412	-0.00092653016	0.99974513	-1.780435e-13	1.7983666e-15	3.8703285e-19	-1.7659501e-13	0.0019614738	-0.0018530521	0.9994904	8.772669e-09	-8.28779e-09	1
0	0.0010087079	-0.0009530219	0.99973667	0	0	0.050000045	0.0010087079	-0.00095302187	0.9997367	-1.7804345e-13	1.7983371e-15	3.9336907e-19	-1.7656314e-13	0.0020174065	-0.0019060355	0.99947345	9.023231e-09	-8.525139e-09	1
0	0.0010383236	-0.0009810814	0.99972785	0	0	0.045000043	0.0010383236	-0.0009810814	0.99972785	-1.7804344e-13	1.7983058e-15	3.9994015e-19	-1.7653132e-13	0.0020766384	-0.001962154	0.99945563	9.288577e-09	-8.776539e-09	1
0	0.0010697177	-0.0010108297	0.99971837	0	0	0.039999973	0.0010697177	-0.0010108297	0.99971837	-1.7804343e-13	1.7982721e-15	4.0676007e-19	-1.7649948e-13	0.0021394258	-0.00202165	0.9994367	9.569854e-09	-9.043071e-09	1
0	0.001103059	-0.0010424304	0.9997082	0	0	0.035000023	0.0011030589	-0.0010424304	0.99970824	-1.780434e-13	1.7982365e-15	4.1384536e-19	-1.7646765e-13	0.0022061083	-0.0020848517	0.9994165	9.8685735e-09	-9.326197e-09	1
0	0.0011385728	-0.0010760962	0.9996975	0	0	0.029999973	0.0011385728	-0.0010760962	0.99969745	-1.7804337e-13	1.7981986e-15	4.2121427e-19	-1.764358e-13	0.0022771356	-0.0021521826	0.999395	1.0186766e-08	-9.627826e-09	1
0	0.0011764183	-0.0011119808	0.999686	0	0	0.025000023	0.0011764183	-0.0011119808	0.999686	-1.7804333e-13	1.7981582e-15	4.2888526e-19	-1.7640392e-13	0.002352826	-0.0022239515	0.999372	1.0525837e-08	-9.949337e-09	1
0	0.0012168846	-0.0011503581	0.9996738	0	0	0.019999987	0.0012168846	-0.0011503581	0.99967366	-1.7804329e-13	1.7981148e-15	4.3688046e-19	-1.7637211e-13	0.0024337582	-0.0023007062	0.99934745	1.08883995e-08	-1.029318e-08	1
0	0.0012602002	-0.0011914489	0.9996606	0	0	0.014999987	0.0012602002	-0.001191449	0.9996605	-1.7804324e-13	1.7980686e-15	4.45223e-19	-1.7634028e-13	0.002520389	-0.0023828873	0.99932116	1.1276484e-08	-1.0661333e-08	1
0	0.0013067275	-0.0012355975	0.9996464	0	0	0.009999993	0.0013067274	-0.0012355975	0.9996464	-1.7804321e-13	1.7980186e-15	4.539396e-19	-1.763084e-13	0.0026134434	-0.002471184	0.99929273	1.1693349e-08	-1.1056885e-08	1
0	0.0013568297	-0.0012831511	0.9996311	0	0	0.0049999966	0.0013568297	-0.001283151	0.9996311	-1.7804318e-13	1.7979644e-15	4.6305927e-19	-1.762766e-13	0.0027136472	-0.0025662903	0.9992622	1.2142236e-08	-1.1482948e-08	1
0	0.0014108538	-0.0013344424	0.99961466	0	0	-9.887924e-17	0.0014108537	-0.0013344424	0.99961466	-1.7804311e-13	1.7979062e-15	4.72614e-19	-1.7624473e-13	0.002821695	-0.0026688727	0.99922925	1.2626266e-08	-1.194249e-08	1
0	0.0014694824	-0.0013901225	0.9995967	0	0	-0.0049999966	0.0014694824	-0.0013901226	0.9995967	-1.7804307e-13	1.7978433e-15	4.8264153e-19	-1.7621291e-13	0.0029389518	-0.0027802326	0.99919355	1.3151557e-08	-1.244136e-08	1
0	0.0015329644	-0.0014504272	0.99957734	0	0	-0.009999993	0.0015329643	-0.0014504272	0.99957734	-1.78043e-13	1.7977745e-15	4.931817e-19	-1.7618105e-13	0.003065915	-0.0029008414	0.9991547	1.3720324e-08	-1.2981662e-08	1
0	0.0016023669	-0.0015163803	0.9995561	0	0	-0.014999987	0.0016023669	-0.0015163803	0.9995561	-1.7804294e-13	1.7976997e-15	5.042829e-19	-1.7614923e-13	0.0032047192	-0.0030327467	0.99911225	1.4342143e-08	-1.3572569e-08	1
0	0.001678469	-0.0015887448	0.9995328	0	0	-0.019999987	0.001678469	-0.0015887449	0.9995328	-1.7804286e-13	1.7976174e-15	5.159951e-19	-1.7611738e-13	0.003356923	-0.0031774754	0.9990658	1.5023986e-08	-1.4220922e-08	1
0	0.0017619893	-0.0016681843	0.99950737	0	0	-0.025000023	0.0017619893	-0.0016681844	0.99950737	-1.7804277e-13	1.7975272e-15	5.283814e-19	-1.7608555e-13	0.003523963	-0.0033363542	0.9990146	1.5772287e-08	-1.4932667e-08	1
0	0.0018543492	-0.0017560695	0.99947906	0	0	-0.029999973	0.0018543492	-0.0017560695	0.99947906	-1.780427e-13	1.7974272e-15	5.4151125e-19	-1.7605371e-13	0.0037086816	-0.003512123	0.9989582	1.6599783e-08	-1.5720078e-08	1
0	0.0019568736	-0.0018536767	0.9994476	0	0	-0.035000023	0.0019568736	-0.0018536767	0.9994476	-1.780426e-13	1.797316e-15	5.5546403e-19	-1.7602189e-13	0.0039137295	-0.0037073365	0.9988953	1.7518355e-08	-1.65946e-08	1
0	0.002071288	-0.001962666	0.9994126	0	0	-0.039999973	0.002071288	-0.0019626662	0.9994126	-1.7804246e-13	1.797192e-15	5.703341e-19	-1.7599004e-13	0.0041425573	-0.003925314	0.99882525	1.8543455e-08	-1.7571091e-08	1
0	0.0022001632	-0.0020854825	0.99937314	0	0	-0.045000043	0.0022001632	-0.0020854825	0.99937314	-1.7804231e-13	1.7970518e-15	5.8623593e-19	-1.759582e-13	0.004400307	-0.004170947	0.9987463	1.9698113e-08	-1.8671473e-08	1
0	0.0023458034	-0.002224372	0.9993285	0	0	-0.050000045	0.0023458034	-0.002224372	0.99932855	-1.7804216e-13	1.7968938e-15	6.0329503e-19	-1.7592637e-13	0.0046915854	-0.0044487244	0.998657	2.1002988e-08	-1.9915856e-08	1
0	0.0025120503	-0.0023829734	0.9992775	0	0	-0.05499994	0.0025120506	-0.0023829737	0.9992775	-1.7804198e-13	1.796713e-15	6.2167715e-19	-1.7589455e-13	0.005024078	-0.0047659255	0.99855494	2.2492477e-08	-2.1336858e-08	1
0	0.0027044166	-0.0025666978	0.9992186	0	0	-0.059999947	0.0027044164	-0.0025666978	0.9992186	-1.7804177e-13	1.7965042e-15	6.4157074e-19	-1.7586273e-13	0.0054088086	-0.0051333727	0.9984373	2.4215993e-08	-2.2982936e-08	1
0	0.0029289331	-0.0027812605	0.99915	0	0	-0.065000035	0.0029289331	-0.0027812605	0.99915	-1.7804151e-13	1.7962606e-15	6.632188e-19	-1.7583088e-13	0.00585784	-0.005562496	0.9983	2.622756e-08	-2.4905326e-08	1
0	0.0031939219	-0.0030347041	0.999069	0	0	-0.070000045	0.0031939219	-0.0030347041	0.999069	-1.7804123e-13	1.7959737e-15	6.8691875e-19	-1.7579906e-13	0.0063878144	-0.0060693813	0.9981379	2.8601724e-08	-2.7176066e-08	1
0	0.0035098845	-0.0033370913	0.99897194	0	0	-0.074999906	0.0035098845	-0.0033370918	0.99897194	-1.7804086e-13	1.7956292e-15	7.1305016e-19	-1.7576726e-13	0.0070197377	-0.0066741533	0.99794394	3.14326e-08	-2.9885314e-08	1
0	0.0038997154	-0.0037105754	0.99885315	0	0	-0.079999946	0.0038997154	-0.0037105756	0.99885315	-1.7804042e-13	1.7952073e-15	7.4213543e-19	-1.7573542e-13	0.0077993963	-0.007421118	0.9977063	3.49253e-08	-3.3231558e-08	1
0	0.004385837	-0.004176664	0.9987047	0	0	-0.08500003	0.004385837	-0.004176664	0.9987047	-1.7803983e-13	1.79468e-15	7.74849e-19	-1.7570362e-13	0.008771635	-0.00835329	0.9974094	3.9280707e-08	-3.740749e-08	1
0	0.0050161984	-0.004781587	0.9985131	0	0	-0.090000086	0.0050161984	-0.0047815866	0.9985131	-1.7803909e-13	1.7940001e-15	8.1216925e-19	-1.7567183e-13	0.01003235	-0.009563132	0.9970262	4.492843e-08	-4.2827303e-08	1
0	0.005862631	-0.0055941986	0.99825615	0	0	-0.09500003	0.005862631	-0.0055941977	0.99825615	-1.7803807e-13	1.7930879e-15	8.555444e-19	-1.7564002e-13	0.011725208	-0.011188347	0.99651235	5.2512018e-08	-5.01079e-08	1
0	0.0070588943	-0.0067422315	0.9978927	0	0	-0.10000009	0.0070588943	-0.0067422315	0.99789274	-1.780366e-13	1.791798e-15	9.072738e-19	-1.7560823e-13	0.014117725	-0.0134844035	0.99578536	6.322988e-08	-6.0393674e-08	1
0	0.008881332	-0.008488047	0.997335	0	0	-0.10499983	0.008881332	-0.008488047	0.997335	-1.780343e-13	1.789821e-15	9.714709e-19	-1.7557643e-13	0.017762586	-0.016976018	0.99467003	7.955786e-08	-7.603522e-08	1
0	0.012275843	-0.011717438	0.9963146	0	0	-0.10999988	0.012275843	-0.011717438	0.9963145	-1.7803009e-13	1.7862133e-15	1.0578449e-18	-1.7554469e-13	0.024551576	-0.023434771	0.992629	1.09970436e-07	-1.04968606e-07	1
0	0.020572374	-0.019324236	0.9936328	0	0	-0.11499984	0.020572374	-0.019324234	0.99363285	-1.7801894e-13	1.7768308e-15	1.2036655e-18	-1.75513e-13	0.041144565	-0.038648296	0.9872656	1.8430019e-07	-1.7311962e-07	1
0	0.02305688	-0.021597518	0.9923801	0	0	-0.11999989	0.02305688	-0.021597518	0.9923801	-1.7801379e-13	1.772501e-15	1.3017472e-18	-1.7548139e-13	0.04611355	-0.04319484	0.98476017	2.0655868e-07	-1.9348607e-07	1
0	0.023622625	-0.02211826	0.9920628	0	0	-0.125	0.023622625	-0.02211826	0.9920628	-1.7801248e-13	1.7714093e-15	1.3319056e-18	-1.754498e-13	0.04724504	-0.044236317	0.9841256	2.1162742e-07	-1.9815164e-07	1
0	0.024111478	-0.022570906	0.9917716	0	0	-0.13000007	0.024111478	-0.022570906	0.9917716	-1.7801129e-13	1.7704084e-15	1.361288e-18	-1.7541823e-13	0.048222743	-0.04514161	0.98354304	2.1600735e-07	-2.0220716e-07	1
0	0.024698788	-0.023116415	0.9914075	0	0	-0.13500017	0.024698788	-0.023116415	0.9914075	-1.7800983e-13	1.7691603e-15	1.3982366e-18	-1.753867e-13	0.049397353	-0.046232626	0.98281515	2.2126936e-07	-2.0709467e-07	1
0	0.02561517	-0.023968888	0.9908204	0	0	-0.14000009	0.02561517	-0.023968888	0.99082035	-1.7800742e-13	1.7671519e-15	1.4556928e-18	-1.7535517e-13	0.051230114	-0.047937557	0.9816408	2.2947943e-07	-2.1473224e-07	1
0	0.026644072	-0.024926746	0.9901373	0	0	-0.14500023	0.026644073	-0.024926746	0.9901373	-1.7800467e-13	1.7648234e-15	1.5197352e-18	-1.7532377e-13	0.0532879	-0.04985327	0.98027456	2.3869762e-07	-2.2331399e-07	1
0	0.027884923	-0.026082423	0.9892806	0	0	-0.14999981	0.027884923	-0.026082423	0.9892806	-1.7800118e-13	1.7619162e-15	1.5968695e-18	-1.752924e-13	0.055769596	-0.05216461	0.9785613	2.4981463e-07	-2.33668e-07	1
0	0.029301988	-0.02740254	0.9882588	0	0	-0.15500008	0.029301986	-0.02740254	0.9882588	-1.7799708e-13	1.7584682e-15	1.6852972e-18	-1.7526115e-13	0.058603708	-0.054804835	0.9765176	2.6251035e-07	-2.454953e-07	1
0	0.030959886	-0.028947305	0.9870037	0	0	-0.15999989	0.030959884	-0.028947305	0.9870036	-1.7799203e-13	1.7542618e-15	1.7897337e-18	-1.7523002e-13	0.06191949	-0.057894345	0.97400737	2.7736374e-07	-2.5933522e-07	1
0	0.033045724	-0.03089107	0.9853321	0	0	-0.1650002	0.033045724	-0.030891068	0.98533213	-1.7798537e-13	1.7487115e-15	1.9228535e-18	-1.751991e-13	0.06609116	-0.06178186	0.97066426	2.960511e-07	-2.7674983e-07	1
0	-0.00064601464	0.00055279245	0.00062017585	0	0	-0.17000006	-0.00064601464	0.00055279245	0.0006201758	-1.7804222e-13	1.7961332e-15	5.57994e-18	-1.7623984e-13	-0.0012920233	0.0011055799	-0.9987596	-5.790611e-09	4.951352e-09	1
0	-0.0006259185	0.00057993125	0.00026827725	0	0	-0.17499986	-0.00062591856	0.0005799313	0.0002682772	-1.7804325e-13	1.797005e-15	4.469254e-18	-1.7624148e-13	-0.0012518315	0.0011598574	-0.99946344	-5.6113842e-09	5.198358e-09	1
0	-0.0005801271	0.00054750685	0.00013624893	0	0	-0.18000017	-0.00058012706	0.00054750685	0.00013624893	-1.7804375e-13	1.7973865e-15	3.4233374e-18	-1.7624278e-13	-0.001160249	0.0010950089	-0.99972755	-5.200267e-09	4.9078674e-09	1
0	-0.0005707573	0.000538665	0.00013355006	0	0	-0.18499996	-0.0005707573	0.000538665	0.00013355007	-1.7804375e-13	1.7973963e-15	3.4203013e-18	-1.7624277e-13	-0.0011415095	0.0010773251	-0.9997329	-5.1165068e-09	4.8288267e-09	1
0	-0.0005616816	0.0005300887	0.00013094037	0	0	-0.19000006	-0.0005616816	0.0005300887	0.00013094037	-1.7804376e-13	1.7974056e-15	3.4173309e-18	-1.7624278e-13	-0.001123358	0.0010601726	-0.99973816	-5.0353743e-09	4.752161e-09	1
0	-0.00055288733	0.0005217789	0.00012841626	0	0	-0.19499981	-0.00055288733	0.0005217789	0.00012841626	-1.7804376e-13	1.797414e-15	3.4144256e-18	-1.7624277e-13	-0.0011057697	0.0010435532	-0.99974316	-4.9567626e-09	4.677877e-09	1
0	-0.00053610356	0.00050592073	0.0001236106	0	0	-0.20499994	-0.0005361035	0.00050592073	0.0001236106	-1.7804376e-13	1.797431e-15	3.4088014e-18	-1.7624276e-13	-0.0010722023	0.0010118369	-0.99975276	-4.806727e-09	4.5361164e-09	1
0	-0.00046544042	0.00043916778	0.00010359908	0	0	-0.25499967	-0.00046544045	0.00043916778	0.00010359908	-1.7804378e-13	1.797501e-15	3.383915e-18	-1.7624273e-13	-0.00093087676	0.0008783316	-0.9997928	-4.1750496e-09	3.9393924e-09	1
0	-0.0004112288	0.00038797027	8.853245e-05	0	0	-0.30500022	-0.00041122877	0.00038797027	8.8532455e-05	-1.7804378e-13	1.7975534e-15	3.3633373e-18	-1.7624269e-13	-0.0008224539	0.00077593705	-0.99982285	-3.690439e-09	3.481722e-09	1
0	-0.0003683118	0.0003474493	7.682476e-05	0	0	-0.3549996	-0.0003683118	0.00034744933	7.682476e-05	-1.7804376e-13	1.7975943e-15	3.3459985e-18	-1.7624265e-13	-0.0007366203	0.0006948955	-0.9998463	-3.3067946e-09	3.119494e-09	1
0	-0.00033351127	0.00031459657	6.750384e-05	0	0	-0.40499973	-0.00033351127	0.00031459663	6.750384e-05	-1.7804376e-13	1.7976267e-15	3.3311663e-18	-1.7624263e-13	-0.0006670196	0.00062919036	-0.99986494	-2.9957063e-09	2.8258158e-09	1
0	-0.0003047058	0.00028740772	5.9926817e-05	0	0	-0.45500082	-0.0003047058	0.00028740772	5.9926817e-05	-1.7804376e-13	1.7976527e-15	3.3183194e-18	-1.7624262e-13	-0.0006094089	0.0005748129	-0.9998802	-2.7382092e-09	2.5827698e-09	1
0	-0.00028047836	0.00026454218	5.3667904e-05	0	0	-0.5050003	-0.00028047833	0.00026454218	5.36679e-05	-1.7804376e-13	1.7976743e-15	3.3070745e-18	-1.762426e-13	-0.00056095415	0.0005290819	-0.9998927	-2.5216356e-09	2.3783673e-09	1
0	-0.00025982343	0.00024505	4.841998e-05	0	0	-0.55500025	-0.00025982343	0.00024505	4.841998e-05	-1.7804375e-13	1.7976923e-15	3.2971446e-18	-1.7624259e-13	-0.00051964447	0.00049009785	-0.99990314	-2.3370013e-09	2.2041253e-09	1
0	-0.0002419972	0.00022822857	4.3969598e-05	0	0	-0.60500026	-0.0002419972	0.00022822857	4.3969598e-05	-1.7804375e-13	1.7977078e-15	3.2883072e-18	-1.7624258e-13	-0.00048399216	0.00045645513	-0.999912	-2.1776516e-09	2.0537594e-09	1
0	-0.00022646025	0.0002135682	4.015359e-05	0	0	-0.6549993	-0.00022646025	0.0002135682	4.015359e-05	-1.7804374e-13	1.797721e-15	3.2803899e-18	-1.7624257e-13	-0.00045291847	0.00042713445	-0.99991965	-2.038767e-09	1.9227075e-09	1
0	-0.00021279733	0.00020067678	3.6851816e-05	0	0	-0.70500124	-0.00021279733	0.00020067679	3.6851816e-05	-1.7804371e-13	1.7977328e-15	3.2732544e-18	-1.7624254e-13	-0.00042559273	0.00040135175	-0.99992627	-1.916634e-09	1.8074702e-09	1
0	-0.00020068638	0.00018925036	3.397012e-05	0	0	-0.7549992	-0.00020068641	0.00018925038	3.397012e-05	-1.7804371e-13	1.7977425e-15	3.2667896e-18	-1.7624254e-13	-0.000401371	0.00037849904	-0.99993205	-1.8083779e-09	1.7053325e-09	1
0	-0.00018988177	0.00017905666	3.143996e-05	0	0	-0.80500025	-0.00018988177	0.00017905667	3.143996e-05	-1.7804368e-13	1.797751e-15	3.260905e-18	-1.7624251e-13	-0.00037976183	0.00035811172	-0.9999372	-1.7117969e-09	1.6142129e-09	1
0	-0.0001801788	0.00016990284	2.9203688e-05	0	0	-0.85500133	-0.0001801788	0.00016990284	2.9203691e-05	-1.7804367e-13	1.7977588e-15	3.2555254e-18	-1.7624248e-13	-0.00036035597	0.00033980413	-0.9999416	-1.6250644e-09	1.5323866e-09	1
0	-0.00017141942	0.00016163937	2.7212462e-05	0	0	-0.9049992	-0.00017141942	0.00016163937	2.7212462e-05	-1.7804367e-13	1.7977656e-15	3.2505888e-18	-1.7624248e-13	-0.0003428373	0.00032327732	-0.99994564	-1.5467657e-09	1.4585244e-09	1
0	-0.0001634722	0.00015414231	2.543407e-05	0	0	-0.95500135	-0.0001634722	0.00015414231	2.5434074e-05	-1.7804366e-13	1.797772e-15	3.2460422e-18	-1.7624247e-13	-0.0003269429	0.00030828323	-0.99994916	-1.4757296e-09	1.3915076e-09	1
0	-0.00015692417	0.00014796536	2.3985896e-05	0	0	-1	-0.00015692417	0.00014796537	2.3985896e-05	-1.7804366e-13	1.7977766e-15	3.242248e-18	-1.7624248e-13	-0.00031384692	0.00029592944	-0.999952	-1.4171996e-09	1.336295e-09	1
0	-0.00016423035	0.00015485699	2.5601708e-05	0	0	-0.94999886	-0.00016423033	0.000154857	2.5601708e-05	-1.7804366e-13	1.7977713e-15	3.24648e-18	-1.7624247e-13	-0.00032845922	0.00030971257	-0.9999488	-1.4825063e-09	1.3978972e-09	1
0	-0.00017225328	0.00016242548	2.7401848e-05	0	0	-0.900001	-0.00017225328	0.00016242548	2.7401846e-05	-1.7804367e-13	1.7977652e-15	3.2510632e-18	-1.7624248e-13	-0.000344505	0.0003248495	-0.9999452	-1.5542218e-09	1.4655482e-09	1
0	-0.00018109981	0.00017077115	2.9414603e-05	0	0	-0.849999	-0.00018109981	0.00017077115	2.9414603e-05	-1.7804367e-13	1.7977582e-15	3.2560418e-18	-1.7624248e-13	-0.00036219798	0.00034154076	-0.9999412	-1.6332964e-09	1.5401517e-09	1
0	-0.00019090307	0.00018001974	3.167896e-05	0	0	-0.8000007	-0.00019090307	0.00018001974	3.167896e-05	-1.7804368e-13	1.7977501e-15	3.2614691e-18	-1.7624251e-13	-0.0003818044	0.00036003784	-0.99993664	-1.7209267e-09	1.6228185e-09	1
0	-0.00020182978	0.00019032849	3.424258e-05	0	0	-0.75	-0.00020182978	0.00019032849	3.424258e-05	-1.7804371e-13	1.7977412e-15	3.267408e-18	-1.7624254e-13	-0.00040365773	0.00038065526	-0.9999315	-1.8185973e-09	1.714968e-09	1
0	-0.00021407923	0.00020188579	3.7161386e-05	0	0	-0.69999945	-0.00021407922	0.00020188578	3.7161386e-05	-1.7804371e-13	1.7977315e-15	3.2739354e-18	-1.7624254e-13	-0.00042815655	0.00040376978	-0.99992573	-1.9280921e-09	1.8182792e-09	1
0	-0.00022791474	0.00021493995	4.0509167e-05	0	0	-0.6500008	-0.00022791473	0.00021493994	4.0509167e-05	-1.7804374e-13	1.79772e-15	3.2811436e-18	-1.7624257e-13	-0.0004558274	0.00042987795	-0.99991894	-2.0517672e-09	1.9349704e-09	1
0	-0.00024365935	0.00022979626	4.4382385e-05	0	0	-0.59999925	-0.00024365935	0.00022979628	4.438239e-05	-1.7804375e-13	1.7977067e-15	3.289146e-18	-1.7624258e-13	-0.00048731652	0.00045959046	-0.9999113	-2.1925082e-09	2.067772e-09	1
0	-0.00026173954	0.00024685738	4.890544e-05	0	0	-0.5499998	-0.00026173954	0.00024685738	4.890544e-05	-1.7804375e-13	1.797691e-15	3.2980839e-18	-1.7624259e-13	-0.0005234767	0.00049371255	-0.99990225	-2.3541267e-09	2.2202822e-09	1
0	-0.00028271473	0.00026665194	5.424174e-05	0	0	-0.5	-0.00028271473	0.00026665194	5.4241733e-05	-1.7804376e-13	1.7976726e-15	3.3081347e-18	-1.762426e-13	-0.000565427	0.00053330144	-0.99989146	-2.5416256e-09	2.3972269e-09	1
0	-0.0003073425	0.0002898954	6.0618775e-05	0	0	-0.4500005	-0.0003073425	0.0002898954	6.061878e-05	-1.7804376e-13	1.7976504e-15	3.3195252e-18	-1.7624262e-13	-0.0006146823	0.00057978823	-0.9998789	-2.761778e-09	2.6050067e-09	1
0	-0.0003366696	0.00031757675	6.834698e-05	0	0	-0.40000036	-0.0003366696	0.00031757675	6.834697e-05	-1.7804376e-13	1.7976235e-15	3.3325515e-18	-1.7624263e-13	-0.0006733361	0.0006351507	-0.9998633	-3.023937e-09	2.8524518e-09	1
0	-0.00037217425	0.00035109374	7.787283e-05	0	0	-0.34999973	-0.00037217428	0.00035109374	7.787283e-05	-1.7804376e-13	1.7975903e-15	3.347608e-18	-1.7624265e-13	-0.00074434513	0.00070218433	-0.99984425	-3.3413208e-09	3.1520715e-09	1
0	-0.00041604653	0.0003925166	8.986366e-05	0	0	-0.29999962	-0.00041604653	0.0003925166	8.9863664e-05	-1.7804378e-13	1.7975488e-15	3.3652332e-18	-1.7624267e-13	-0.00083208934	0.0007850296	-0.9998203	-3.7335055e-09	3.522363e-09	1
0	-0.00047163267	0.00044501046	0.000105343155	0	0	-0.25	-0.00047163267	0.0004450105	0.000105343155	-1.7804376e-13	1.797495e-15	3.3861865e-18	-1.7624271e-13	-0.00094326114	0.00089001696	-0.9997893	-4.2304005e-09	3.9916195e-09	1
0	-0.00055284775	0.0005217353	0.00012841182	0	0	-0.19499981	-0.00055284775	0.0005217353	0.0001284118	-1.7804376e-13	1.7974143e-15	3.4144223e-18	-1.7624277e-13	-0.0011056905	0.0010434659	-0.9997431	-4.9564064e-09	4.6774873e-09	1
0	-0.00056164025	0.00053004426	0.00013093557	0	0	-0.19000006	-0.0005616402	0.0005300442	0.00013093557	-1.7804375e-13	1.7974056e-15	3.4173275e-18	-1.7624278e-13	-0.0011232754	0.0010600836	-0.99973816	-5.035008e-09	4.7517643e-09	1
0	-0.000570717	0.0005386214	0.00013354473	0	0	-0.18499996	-0.000570717	0.00053862145	0.00013354473	-1.7804375e-13	1.7973963e-15	3.4202977e-18	-1.7624277e-13	-0.001141429	0.001077238	-0.9997329	-5.116147e-09	4.828439e-09	1
0	-0.0005800954	0.00054748374	0.00013624571	0	0	-0.18000017	-0.0005800954	0.0005474837	0.00013624571	-1.7804375e-13	1.7973865e-15	3.4233354e-18	-1.7624278e-13	-0.0011601857	0.0010949625	-0.9997275	-5.1999844e-09	4.907663e-09	1
0	-0.00058977556	0.0005566322	0.00013904183	0	0	-0.17499986	-0.00058977556	0.0005566322	0.00013904182	-1.7804375e-13	1.7973768e-15	3.4264435e-18	-1.762428e-13	-0.0011795459	0.0011132595	-0.99972194	-5.2865166e-09	4.9894444e-09	1
0	-0.0005997895	0.0005660964	0.00014193835	0	0	-0.17000006	-0.00059978955	0.0005660964	0.00014193835	-1.7804375e-13	1.7973669e-15	3.4296232e-18	-1.762428e-13	-0.0011995736	0.0011321877	-0.99971616	-5.3760303e-09	5.074043e-09	1
0	-0.00061014725	0.0005758861	0.00014493908	0	0	-0.1650002	-0.00061014725	0.0005758861	0.0001449391	-1.7804375e-13	1.7973563e-15	3.4328785e-18	-1.7624281e-13	-0.0012202892	0.0011517671	-0.9997101	-5.468622e-09	5.1615623e-09	1
0	-0.0006208677	0.0005860197	0.0001480525	0	0	-0.15999989	-0.0006208677	0.00058601977	0.0001480525	-1.7804374e-13	1.7973455e-15	3.4362123e-18	-1.7624282e-13	-0.0012417298	0.0011720343	-0.9997039	-5.564456e-09	5.252147e-09	1
0	-0.00063197315	0.00059651735	0.00015128302	0	0	-0.15500008	-0.00063197315	0.00059651735	0.00015128302	-1.7804372e-13	1.7973342e-15	3.4396277e-18	-1.762428e-13	-0.0012639406	0.0011930293	-0.99969745	-5.6637335e-09	5.3459877e-09	1
0	-0.0006434837	0.0006073987	0.00015463718	0	0	-0.14999981	-0.0006434837	0.0006073987	0.00015463718	-1.7804372e-13	1.7973226e-15	3.4431267e-18	-1.7624281e-13	-0.0012869616	0.0012147919	-0.9996907	-5.7666285e-09	5.4432605e-09	1
0	-0.00065542106	0.0006186838	0.00015811893	0	0	-0.14500023	-0.00065542106	0.0006186838	0.00015811893	-1.7804371e-13	1.7973103e-15	3.4467144e-18	-1.7624281e-13	-0.0013108363	0.001237362	-0.9996838	-5.873342e-09	5.544143e-09	1
0	-0.0006678081	0.0006303952	0.00016174161	0	0	-0.14000009	-0.0006678081	0.0006303952	0.00016174161	-1.7804371e-13	1.7972974e-15	3.4503933e-18	-1.7624281e-13	-0.0013356103	0.0012607847	-0.9996766	-5.98407e-09	5.6488334e-09	1
0	-0.0006806803	0.00064256537	0.0001655091	0	0	-0.13500017	-0.0006806803	0.00064256537	0.0001655091	-1.7804368e-13	1.7972845e-15	3.4541677e-18	-1.762428e-13	-0.0013613546	0.001285125	-0.99966896	-6.099143e-09	5.7576286e-09	1
0	-0.00069401215	0.0006551731	0.00016943052	0	0	-0.13000007	-0.00069401215	0.00065517315	0.00016943052	-1.7804368e-13	1.797271e-15	3.4580412e-18	-1.7624281e-13	-0.001388018	0.0013103404	-0.9996611	-6.2183125e-09	5.87033e-09	1
0	-0.0007079453	0.0006683478	0.00017351855	0	0	-0.125	-0.0007079453	0.0006683478	0.00017351855	-1.7804368e-13	1.7972563e-15	3.4620189e-18	-1.7624282e-13	-0.0014158842	0.0013366897	-0.9996529	-6.342868e-09	5.9881065e-09	1
0	-0.000722417	0.00068203424	0.00017778059	0	0	-0.11999989	-0.000722417	0.0006820342	0.00017778059	-1.7804367e-13	1.7972413e-15	3.466105e-18	-1.7624282e-13	-0.0014448278	0.0013640624	-0.9996445	-6.4722374e-09	6.1104553e-09	1
0	-0.00073749246	0.00069629244	0.00018222877	0	0	-0.11499984	-0.00073749246	0.00069629244	0.0001822288	-1.7804366e-13	1.7972258e-15	3.4703043e-18	-1.7624282e-13	-0.0014749783	0.0013925785	-0.9996355	-6.6069994e-09	6.2379133e-09	1
0	-0.00075321	0.0007111594	0.00018687354	0	0	-0.10999988	-0.00075321	0.0007111594	0.00018687354	-1.7804366e-13	1.7972097e-15	3.4746222e-18	-1.7624284e-13	-0.0015064133	0.0014223122	-0.9996263	-6.7475066e-09	6.3708097e-09	1
0	-0.0007696097	0.0007266734	0.00019172809	0	0	-0.10499983	-0.0007696097	0.00072667346	0.00019172809	-1.7804366e-13	1.7971924e-15	3.4790638e-18	-1.7624285e-13	-0.0015392124	0.0014533402	-0.9996165	-6.8941075e-09	6.509495e-09	1
0	-0.0007867456	0.00074288464	0.000196806	0	0	-0.10000009	-0.0007867456	0.00074288464	0.000196806	-1.7804364e-13	1.7971748e-15	3.4836356e-18	-1.7624285e-13	-0.0015734839	0.0014857628	-0.9996064	-7.047286e-09	6.6544157e-09	1
0	-0.00080464827	0.0007598237	0.00020212568	0	0	-0.09500003	-0.00080464815	0.0007598237	0.00020212568	-1.7804364e-13	1.7971562e-15	3.4883435e-18	-1.7624286e-13	-0.0016092893	0.0015196407	-0.99959576	-7.2073263e-09	6.805837e-09	1
0	-0.00082338706	0.000777556	0.00020770202	0	0	-0.090000086	-0.00082338706	0.000777556	0.00020770202	-1.7804362e-13	1.7971367e-15	3.493194e-18	-1.7624288e-13	-0.0016467668	0.001555105	-0.99958456	-7.3748376e-09	6.964355e-09	1
0	-0.0008430225	0.0007961376	0.00021355246	0	0	-0.08500003	-0.0008430225	0.0007961376	0.00021355246	-1.7804359e-13	1.797116e-15	3.498195e-18	-1.7624286e-13	-0.0016860374	0.0015922681	-0.9995728	-7.550367e-09	7.1304647e-09	1
0	-0.00086361344	0.00081562705	0.00021970099	0	0	-0.079999946	-0.00086361344	0.000815627	0.00021970099	-1.7804356e-13	1.7970945e-15	3.503354e-18	-1.7624286e-13	-0.0017272193	0.0016312466	-0.9995606	-7.734435e-09	7.3046813e-09	1
0	-0.00088523485	0.00083609374	0.00022616622	0	0	-0.074999906	-0.00088523485	0.00083609374	0.00022616622	-1.7804355e-13	1.7970719e-15	3.5086797e-18	-1.7624288e-13	-0.0017704619	0.00167218	-0.9995477	-7.927713e-09	7.487643e-09	1
0	-0.0009079637	0.00085761177	0.00023297047	0	0	-0.070000045	-0.0009079637	0.00085761177	0.00023297047	-1.7804353e-13	1.797048e-15	3.514181e-18	-1.7624288e-13	-0.0018159195	0.0017152156	-0.999534	-8.130894e-09	7.679999e-09	1
0	-0.0009318929	0.00088026875	0.00024014615	0	0	-0.065000035	-0.0009318929	0.00088026875	0.00024014615	-1.7804353e-13	1.7970223e-15	3.519867e-18	-1.7624289e-13	-0.0018637774	0.0017605296	-0.9995197	-8.344801e-09	7.882539e-09	1
0	-0.0009570658	0.00090410834	0.0002477198	0	0	-0.059999947	-0.00095706584	0.0009041084	0.0002477198	-1.7804352e-13	1.7969959e-15	3.525748e-18	-1.762429e-13	-0.001914123	0.0018082088	-0.99950457	-8.569835e-09	8.0956495e-09	1
0	-0.0009837319	0.00092936284	0.00025573003	0	0	-0.05499994	-0.0009837319	0.00092936284	0.00025573003	-1.7804348e-13	1.7969677e-15	3.531837e-18	-1.762429e-13	-0.0019674548	0.0018587174	-0.99948853	-8.808212e-09	8.32141e-09	1
0	-0.0010118238	0.00095597486	0.0002642061	0	0	-0.050000045	-0.0010118238	0.00095597486	0.0002642061	-1.7804345e-13	1.796938e-15	3.538145e-18	-1.7624289e-13	-0.0020236385	0.0019119413	-0.9994716	-9.059329e-09	8.559303e-09	1
0	-0.0010416774	0.0009842586	0.00027319888	0	0	-0.045000043	-0.0010416773	0.0009842586	0.00027319888	-1.7804344e-13	1.7969063e-15	3.544686e-18	-1.762429e-13	-0.0020833453	0.0019685086	-0.99945366	-9.326199e-09	8.81214e-09	1
0	-0.0010732807	0.0010142064	0.0002827461	0	0	-0.039999973	-0.0010732807	0.0010142064	0.0002827461	-1.7804341e-13	1.7968724e-15	3.5514747e-18	-1.7624292e-13	-0.0021465519	0.0020284038	-0.9994346	-9.608723e-09	9.079855e-09	1
0	-0.0011067978	0.0010459744	0.00029290072	0	0	-0.035000023	-0.0011067978	0.0010459744	0.00029290072	-1.780434e-13	1.7968368e-15	3.5585264e-18	-1.7624293e-13	-0.002213586	0.0020919396	-0.99941415	-9.908334e-09	9.363843e-09	1
0	-0.0011426071	0.0010799207	0.00030373142	0	0	-0.029999973	-0.0011426071	0.0010799207	0.00030373142	-1.7804334e-13	1.7967987e-15	3.565859e-18	-1.7624292e-13	-0.0022852037	0.0021598318	-0.99939257	-1.022844e-08	9.667298e-09	1
0	-0.0011807384	0.0011160772	0.0003152973	0	0	-0.025000023	-0.0011807384	0.0011160772	0.0003152973	-1.780433e-13	1.7967578e-15	3.573492e-18	-1.7624293e-13	-0.0023614662	0.0022321441	-0.9993694	-1.0569318e-08	9.990514e-09	1
0	-0.0012214951	0.0011547309	0.00032767403	0	0	-0.019999987	-0.0012214951	0.0011547309	0.000327674	-1.7804329e-13	1.7967144e-15	3.581446e-18	-1.7624296e-13	-0.0024429793	0.0023094516	-0.9993446	-1.0933648e-08	1.0336052e-08	1
0	-0.0012651472	0.0011961423	0.00034094718	0	0	-0.014999987	-0.0012651472	0.0011961424	0.00034094715	-1.7804322e-13	1.7966674e-15	3.5897447e-18	-1.7624293e-13	-0.0025302833	0.0023922739	-0.9993181	-1.1323866e-08	1.0706243e-08	1
0	-0.0013119678	0.0012405692	0.000355215	0	0	-0.009999993	-0.0013119676	0.0012405692	0.000355215	-1.780432e-13	1.7966174e-15	3.5984143e-18	-1.7624296e-13	-0.0026239238	0.0024811274	-0.9992895	-1.174241e-08	1.1103389e-08	1
0	-0.0013625721	0.001288602	0.00037060882	0	0	-0.0049999966	-0.0013625721	0.001288602	0.00037060882	-1.7804317e-13	1.7965632e-15	3.6074835e-18	-1.7624299e-13	-0.0027251318	0.0025771926	-0.9992588	-1.21947785e-08	1.1532773e-08	1
0	-0.0014171214	0.0013403938	0.00038724314	0	0	9.887924e-17	-0.0014171214	0.0013403937	0.00038724317	-1.780431e-13	1.7965044e-15	3.616984e-18	-1.7624297e-13	-0.00283423	0.0026807755	-0.99922544	-1.26824125e-08	1.1995757e-08	1
0	-0.001476198	0.0013965016	0.00040527928	0	0	0.0049999966	-0.001476198	0.0013965016	0.00040527928	-1.7804307e-13	1.7964406e-15	3.6269517e-18	-1.7624301e-13	-0.0029523827	0.0027929905	-0.99918944	-1.3210513e-08	1.2497325e-08	1
0	-0.0015404302	0.0014575268	0.00042490027	0	0	0.009999993	-0.0015404302	0.0014575268	0.00042490027	-1.7804296e-13	1.7963714e-15	3.637428e-18	-1.76243e-13	-0.0030808467	0.0029150406	-0.9991502	-1.3784713e-08	1.304285e-08	1
0	-0.0016103312	0.0015239527	0.00044630858	0	0	0.014999987	-0.001610331	0.0015239527	0.00044630858	-1.7804294e-13	1.7962958e-15	3.6484575e-18	-1.7624304e-13	-0.0032206478	0.0030478914	-0.99910736	-1.4409568e-08	1.3636651e-08	1
0	-0.0016872649	0.0015971065	0.00046979895	0	0	0.019999987	-0.001687265	0.0015971065	0.00046979895	-1.7804284e-13	1.7962128e-15	3.660095e-18	-1.7624303e-13	-0.0033745149	0.0031941985	-0.99906045	-1.509731e-08	1.4290604e-08	1
0	-0.0017717164	0.0016774349	0.00049564225	0	0	0.025000023	-0.0017717166	0.001677435	0.00049564225	-1.7804275e-13	1.7961215e-15	3.672396e-18	-1.7624303e-13	-0.003543417	0.0033548549	-0.9990087	-1.585225e-08	1.5008686e-08	1
0	-0.0018642624	0.0017654698	0.00052414834	0	0	0.029999973	-0.0018642624	0.0017654698	0.00052414834	-1.7804265e-13	1.7960207e-15	3.68543e-18	-1.7624305e-13	-0.0037285083	0.0035309242	-0.9989517	-1.6679532e-08	1.579565e-08	1
0	-0.0019687912	0.0018650334	0.0005559842	0	0	0.035000023	-0.0019687912	0.0018650334	0.00055598415	-1.7804254e-13	1.795908e-15	3.69928e-18	-1.7624307e-13	-0.003937565	0.0037300503	-0.998888	-1.7613955e-08	1.6685696e-08	1
0	-0.0020847667	0.0019755147	0.00059150613	0	0	0.039999973	-0.0020847667	0.0019755147	0.0005915061	-1.7804244e-13	1.7957825e-15	3.7140343e-18	-1.7624308e-13	-0.004169515	0.003951012	-0.998817	-1.8650702e-08	1.7673333e-08	1
0	-0.0022152963	0.0020999108	0.00063148607	0	0	0.045000043	-0.0022152963	0.0020999108	0.00063148607	-1.7804229e-13	1.795641e-15	3.7298058e-18	-1.7624311e-13	-0.0044305725	0.004199803	-0.998737	-1.9817547e-08	1.8785354e-08	1
0	-0.0023633367	0.0022411048	0.0006768132	0	0	0.050000045	-0.0023633367	0.0022411048	0.0006768132	-1.7804215e-13	1.7954805e-15	3.7467187e-18	-1.7624313e-13	-0.0047266525	0.0044821897	-0.9986464	-2.1140938e-08	2.0047533e-08	1
0	-0.0025317715	0.0024018094	0.0007285651	0	0	0.05499994	-0.0025317718	0.0024018097	0.00072856515	-1.7804195e-13	1.7952971e-15	3.764928e-18	-1.7624315e-13	-0.0050635207	0.0048035975	-0.9985429	-2.2646617e-08	2.1484126e-08	1
0	-0.0027270475	0.0025883026	0.0007883694	0	0	0.059999947	-0.0027270475	0.0025883026	0.00078836945	-1.7804174e-13	1.7950854e-15	3.7846255e-18	-1.7624318e-13	-0.0054540713	0.0051765824	-0.9984233	-2.4392252e-08	2.3151253e-08	1
0	-0.0029548686	0.0028060486	0.00085815653	0	0	0.065000035	-0.0029548688	0.0028060486	0.0008581565	-1.7804149e-13	1.7948378e-15	3.80604e-18	-1.7624319e-13	-0.005909711	0.0056120716	-0.9982836	-2.6428816e-08	2.5097755e-08	1
0	-0.0032265487	0.003065975	0.00094088656	0	0	0.070000045	-0.003226549	0.003065975	0.00094088656	-1.7804119e-13	1.7945448e-15	3.8294703e-18	-1.7624323e-13	-0.0064530694	0.006131922	-0.9981182	-2.8857471e-08	2.7421354e-08	1
0	-0.0035493497	0.0033749233	0.0010399554	0	0	0.074999906	-0.0035493497	0.0033749235	0.0010399554	-1.7804082e-13	1.7941932e-15	3.855276e-18	-1.7624327e-13	-0.0070986683	0.0067498162	-0.99792004	-3.1743088e-08	3.018314e-08	1
0	-0.003942456	0.0037514386	0.0011609753	0	0	0.079999946	-0.003942456	0.0037514386	0.0011609753	-1.7804035e-13	1.793764e-15	3.8839393e-18	-1.762433e-13	-0.007884877	0.0075028427	-0.99767804	-3.5257145e-08	3.354891e-08	1
0	-0.004448028	0.004236386	0.0013140319	0	0	0.08500003	-0.004448028	0.004236386	0.001314032	-1.7803977e-13	1.7932208e-15	3.9161576e-18	-1.7624335e-13	-0.008896016	0.008472733	-0.997372	-3.977668e-08	3.788409e-08	1
0	-0.0050945277	0.0048566847	0.0015111689	0	0	0.090000086	-0.0050945277	0.0048566847	0.0015111688	-1.7803898e-13	1.7925216e-15	3.952823e-18	-1.7624337e-13	-0.01018901	0.009713326	-0.9969777	-4.5555968e-08	4.3429168e-08	1
0	-0.0059637516	0.005691148	0.0017764026	0	0	0.09500003	-0.0059637516	0.0056911474	0.0017764026	-1.7803794e-13	1.7915806e-15	3.9952828e-18	-1.7624343e-13	-0.011927449	0.011382244	-0.9964472	-5.332624e-08	5.088873e-08	1
0	-0.0072186575	0.006895475	0.0021564625	0	0	0.10000009	-0.007218658	0.006895475	0.0021564625	-1.7803639e-13	1.7902334e-15	4.0457577e-18	-1.762435e-13	-0.014437251	0.013790887	-0.99568707	-6.454437e-08	6.165474e-08	1
0	-0.009173579	0.008767526	0.0027494438	0	0	0.10499983	-0.009173579	0.008767526	0.0027494438	-1.7803397e-13	1.7881334e-15	4.1080995e-18	-1.7624357e-13	-0.018347075	0.017534975	-0.9945012	-8.202022e-08	7.8389796e-08	1
0	-0.012851731	0.012260398	0.0038566333	0	0	0.10999988	-0.012851731	0.012260398	0.0038566333	-1.7802938e-13	1.7842243e-15	4.1910942e-18	-1.7624366e-13	-0.025703348	0.024520688	-0.9922866	-1.14901056e-07	1.0961434e-07	1
0	-0.02112975	0.01986089	0.006673355	0	0	0.11499984	-0.02112975	0.01986089	0.006673355	-1.7801766e-13	1.7743909e-15	4.3259958e-18	-1.7624383e-13	-0.042259306	0.0397216	-0.98665327	-1.8889995e-07	1.7755677e-07	1
0	-0.023152411	0.021710634	0.007709005	0	0	0.11999989	-0.023152411	0.021710634	0.0077090045	-1.780134e-13	1.770819e-15	4.4043116e-18	-1.7624408e-13	-0.046304613	0.043421075	-0.98458195	-2.0696439e-07	1.9407656e-07	1
0	-0.023580562	0.022105303	0.007952181	0	0	0.125	-0.023580562	0.022105303	0.007952181	-1.7801243e-13	1.7699833e-15	4.4266463e-18	-1.7624435e-13	-0.047160912	0.044210404	-0.9840956	-2.1077307e-07	1.9758707e-07	1
0	-0.0241686	0.022650477	0.008305528	0	0	0.13000007	-0.0241686	0.022650478	0.008305528	-1.7801098e-13	1.7687706e-15	4.4601405e-18	-1.7624463e-13	-0.04833698	0.045300752	-0.9833889	-2.1601008e-07	2.0244217e-07	1
0	-0.02490674	0.023336664	0.008766404	0	0	0.13500017	-0.02490674	0.023336664	0.008766404	-1.7800911e-13	1.7671925e-15	4.5028722e-18	-1.7624495e-13	-0.049813263	0.04667312	-0.9824672	-2.2258766e-07	2.0855663e-07	1
0	-0.025758928	0.024130039	0.009317322	0	0	0.14000009	-0.02575893	0.024130039	0.009317322	-1.7800687e-13	1.7653113e-15	4.5524e-18	-1.762453e-13	-0.051517624	0.04825986	-0.98136544	-2.3018319e-07	2.1562781e-07	1
0	-0.02681796	0.025116809	0.010027	0	0	0.14500023	-0.026817963	0.025116809	0.010027001	-1.7800399e-13	1.7628964e-15	4.6138075e-18	-1.7624574e-13	-0.053635683	0.050233394	-0.979946	-2.396256e-07	2.2442585e-07	1
0	-0.027895384	0.0261213	0.01077695	0	0	0.14999981	-0.027895384	0.026121302	0.01077695	-1.7800095e-13	1.7603552e-15	4.676612e-18	-1.7624622e-13	-0.055790525	0.052242365	-0.97844607	-2.4923062e-07	2.3338058e-07	1
0	-0.029636204	0.027744597	0.012044919	0	0	0.15500008	-0.029636206	0.027744597	0.012044919	-1.7799584e-13	1.7560846e-15	4.7773643e-18	-1.7624686e-13	-0.059272148	0.055488948	-0.9759102	-2.6476047e-07	2.4786195e-07	1
0	-0.031826086	0.029786259	0.0137367835	0	0	0.15999989	-0.03182609	0.029786259	0.013736784	-1.7798907e-13	1.7504388e-15	4.903153e-18	-1.7624773e-13	-0.0636519	0.059572253	-0.9725264	-2.8429886e-07	2.6607788e-07	1
0	-0.03376655	0.031595543	0.0153317815	0	0	0.1650002	-0.03376655	0.031595543	0.015331782	-1.7798272e-13	1.7451722e-15	5.0165224e-18	-1.7624865e-13	-0.06753279	0.0631908	-0.9693364	-3.01606e-07	2.82215e-07	1
0	-0.038988784	0.03646383	0.020077527	0	0	0.17000006	-0.038988784	0.036463834	0.020077525	-1.7796426e-13	1.729845e-15	5.3250666e-18	-1.7625082e-13	-0.07797722	0.07292733	-0.959845	-3.4821966e-07	3.2566936e-07	1
0	0.0006343826	-0.0005172262	0.99973553	0	0	0.17499986	0.00063438254	-0.0005172262	0.9997355	-1.7804325e-13	1.798412e-15	1.3280075e-18	-1.7735799e-13	0.0012687594	-0.0010344477	0.99947095	5.66928e-09	-4.620149e-09	1
0	0.00057907385	-0.00054651004	0.9998641	0	0	0.18000017	0.00057907385	-0.00054651004	0.9998641	-1.7804375e-13	1.798784e-15	2.7812764e-19	-1.7739114e-13	0.0011581426	-0.0010930152	0.99972814	5.173931e-09	-4.8829962e-09	1
0	0.0005697429	-0.0005377061	0.9998668	0	0	0.18499996	0.0005697429	-0.00053770596	0.9998668	-1.7804375e-13	1.7987935e-15	2.7508163e-19	-1.7742299e-13	0.0011394806	-0.0010754073	0.99973345	5.090333e-09	-4.8041136e-09	1
0	0.0005607037	-0.00052916456	0.99986935	0	0	0.19000006	0.0005607037	-0.00052916456	0.99986935	-1.7804376e-13	1.7988024e-15	2.7210254e-19	-1.7745485e-13	0.0011214024	-0.0010583244	0.9997387	5.0093383e-09	-4.727588e-09	1
0	0.0005519393	-0.00052088295	0.99987185	0	0	0.19499981	0.0005519393	-0.00052088295	0.99987185	-1.7804376e-13	1.7988115e-15	2.6918846e-19	-1.7748669e-13	0.0011038738	-0.0010417614	0.99974376	4.9308215e-09	-4.653389e-09	1
0	0.0005352114	-0.00050507765	0.9998766	0	0	0.20499994	0.0005352114	-0.00050507765	0.9998767	-1.7804376e-13	1.798828e-15	2.6354745e-19	-1.7755038e-13	0.0010704179	-0.0010101508	0.99975336	4.780945e-09	-4.5117816e-09	1
0	0.00046476783	-0.00043853236	0.9998966	0	0	0.25499967	0.00046476783	-0.00043853236	0.9998966	-1.7804378e-13	1.7988977e-15	2.3859053e-19	-1.7786884e-13	0.00092953147	-0.0008770609	0.9997932	4.149811e-09	-3.9155768e-09	1
0	0.00041069902	-0.00038747038	0.99991167	0	0	0.30500022	0.00041069902	-0.00038747038	0.99991167	-1.7804378e-13	1.7989502e-15	2.1795863e-19	-1.7818731e-13	0.0008213944	-0.0007749373	0.9998232	3.6653969e-09	-3.4580945e-09	1
0	0.0003678949	-0.0003470555	0.9999232	0	0	0.3549996	0.00036789489	-0.0003470555	0.99992335	-1.7804376e-13	1.7989906e-15	2.0057744e-19	-1.7850578e-13	0.0007357865	-0.00069410785	0.99984664	3.281892e-09	-3.0960017e-09	1
0	0.00033316336	-0.0003142683	0.9999326	0	0	0.40499973	0.00033316336	-0.00031426828	0.9999325	-1.7804376e-13	1.799023e-15	1.857111e-19	-1.7882427e-13	0.0006663237	-0.0006285338	0.9998652	2.9707228e-09	-2.80225e-09	1
0	0.00030442153	-0.00028713918	0.9999402	0	0	0.45500082	0.00030442156	-0.00028713918	0.99994016	-1.7804376e-13	1.7990495e-15	1.7283595e-19	-1.7914277e-13	0.0006088404	-0.00057427585	0.9998803	2.71322e-09	-2.5591924e-09	1
0	0.00028023898	-0.00026431613	0.99994636	0	0	0.5050003	0.00028023898	-0.00026431613	0.99994636	-1.7804376e-13	1.7990709e-15	1.6156786e-19	-1.7946126e-13	0.00056047546	-0.00052862987	0.9998928	2.4965634e-09	-2.3547173e-09	1
0	0.00025961746	-0.00024485547	0.9999516	0	0	0.55500025	0.0002596175	-0.00024485547	0.9999516	-1.7804375e-13	1.7990889e-15	1.5161784e-19	-1.7977975e-13	0.00051923265	-0.0004897088	0.99990326	2.3118099e-09	-2.1803663e-09	1
0	0.00024181734	-0.00022805874	0.999956	0	0	0.60500026	0.00024181732	-0.00022805874	0.99995613	-1.7804375e-13	1.7991045e-15	1.4276377e-19	-1.8009825e-13	0.00048363252	-0.0004561155	0.99991214	2.152336e-09	-2.029882e-09	1
0	0.00022630284	-0.00021341955	0.99995995	0	0	0.6549993	0.00022630286	-0.00021341955	0.99995995	-1.7804374e-13	1.7991177e-15	1.3483172e-19	-1.8041673e-13	0.00045260368	-0.0004268372	0.9999198	2.0133408e-09	-1.8987287e-09	1
0	0.00021265795	-0.00020054521	0.9999632	0	0	0.70500124	0.00021265795	-0.0002005452	0.9999632	-1.7804371e-13	1.799129e-15	1.2768343e-19	-1.807352e-13	0.000425314	-0.00040108862	0.9999263	1.8911002e-09	-1.7833878e-09	1
0	0.00020056253	-0.0001891334	0.999966	0	0	0.7549992	0.00020056251	-0.0001891334	0.999966	-1.7804371e-13	1.7991388e-15	1.2120736e-19	-1.8105371e-13	0.00040112322	-0.00037826507	0.99993205	1.7827366e-09	-1.6811496e-09	1
0	0.0001897696	-0.00017895087	0.9999685	0	0	0.80500025	0.0001897696	-0.00017895087	0.99996865	-1.7804368e-13	1.7991475e-15	1.1531266e-19	-1.8137218e-13	0.00037953752	-0.00035790013	0.9999372	1.6860414e-09	-1.5899275e-09	1
0	0.00018007858	-0.0001698082	0.99997085	0	0	0.85500133	0.00018007858	-0.0001698082	0.99997085	-1.7804367e-13	1.7991552e-15	1.0992419e-19	-1.8169067e-13	0.00036015557	-0.00033961493	0.9999416	1.5992233e-09	-1.5080184e-09	1
0	0.0001713276	-0.0001615528	0.9999729	0	0	0.9049992	0.0001713276	-0.0001615528	0.9999728	-1.7804367e-13	1.7991621e-15	1.0497952e-19	-1.8200918e-13	0.00034265366	-0.00032310415	0.99994564	1.5208259e-09	-1.4340624e-09	1
0	0.00016338915	-0.00015406396	0.9999746	0	0	0.95500135	0.00016338914	-0.00015406396	0.9999746	-1.7804366e-13	1.799168e-15	1.0042614e-19	-1.8232768e-13	0.00032677688	-0.00030812656	0.99994916	1.4497096e-09	-1.3669714e-09	1
