# t (s)	mx ()	my ()	mz ()	B_extx (T)	B_exty (T)	B_extz (T)	mx ()	my ()	mz ()	E_anis (J)	E_demag (J)	E_exch (J)	E_total (J)	m_zrange1_x ()	m_zrange1_y ()	m_zrange1_z ()	m_zrange0_x ()	m_zrange0_y ()	m_zrange0_z ()
0	0	0	1	0	0	1	0	0	1	-1.7804318e-13	1.7992557e-15	-0	-1.8261403e-13	0	0	1	0	0	1
0	0.0001641466	-0.00015477795	0.9999744	0	0	0.94999886	0.0001641466	-0.00015477795	0.9999744	-1.7804366e-13	1.7991676e-15	1.0086473e-19	-1.8229582e-13	0.00032829176	-0.00030955457	0.9999488	1.4564937e-09	-1.3733702e-09	1
0	0.00017216084	-0.00016233826	0.99997264	0	0	0.900001	0.00017216083	-0.00016233826	0.99997264	-1.7804367e-13	1.7991615e-15	1.05455085e-19	-1.8197733e-13	0.00034432014	-0.00032467506	0.9999452	1.528292e-09	-1.4410978e-09	1
0	0.00018099742	-0.00017067458	0.9999706	0	0	0.849999	0.00018099743	-0.00017067457	0.9999706	-1.7804367e-13	1.799155e-15	1.1044158e-19	-1.8165882e-13	0.00036199327	-0.00034134762	0.99994123	1.6074551e-09	-1.5157826e-09	1
0	0.00019078855	-0.00017991176	0.9999684	0	0	0.8000007	0.00019078853	-0.00017991175	0.99996835	-1.7804368e-13	1.799147e-15	1.1587764e-19	-1.8134034e-13	0.00038157537	-0.0003598219	0.99993664	1.6951731e-09	-1.5985364e-09	1
0	0.00020170253	-0.00019020845	0.9999658	0	0	0.75	0.00020170254	-0.00019020845	0.9999658	-1.7804371e-13	1.799138e-15	1.2182681e-19	-1.8102185e-13	0.0004034033	-0.00038041524	0.99993163	1.7929499e-09	-1.690782e-09	1
0	0.00021393778	-0.00020175225	0.9999629	0	0	0.69999945	0.00021393778	-0.00020175225	0.9999628	-1.7804371e-13	1.7991278e-15	1.2836564e-19	-1.8070335e-13	0.00042787363	-0.00040350272	0.99992573	1.9025639e-09	-1.7942037e-09	1
0	0.00022775297	-0.00021478732	0.9999595	0	0	0.6500008	0.00022775296	-0.00021478732	0.99995947	-1.7804374e-13	1.7991164e-15	1.3558683e-19	-1.8038488e-13	0.0004555039	-0.00042957274	0.999919	2.0263353e-09	-1.910981e-09	1
0	0.00024347221	-0.00022961978	0.9999557	0	0	0.59999925	0.00024347221	-0.00022961976	0.99995565	-1.7804375e-13	1.799103e-15	1.436043e-19	-1.800664e-13	0.00048694218	-0.00045923755	0.99991137	2.1671647e-09	-2.0438686e-09	1
0	0.00026152466	-0.00024665473	0.9999511	0	0	0.5499998	0.00026152466	-0.00024665473	0.9999511	-1.7804375e-13	1.7990874e-15	1.525594e-19	-1.7974789e-13	0.000523047	-0.0004933073	0.9999023	2.3288977e-09	-2.1964874e-09	1
0	0.00028246644	-0.00026641757	0.9999458	0	0	0.5	0.0002824664	-0.00026641757	0.9999458	-1.7804376e-13	1.799069e-15	1.6263016e-19	-1.7942942e-13	0.0005649304	-0.0005328328	0.99989164	2.5165183e-09	-2.3735474e-09	1
0	0.0003070478	-0.00028961725	0.9999395	0	0	0.4500005	0.00030704777	-0.00028961725	0.99993944	-1.7804376e-13	1.7990472e-15	1.7404451e-19	-1.7911092e-13	0.0006140928	-0.0005792319	0.99987894	2.7367497e-09	-2.581396e-09	1
0	0.00033631647	-0.0003172435	0.9999318	0	0	0.40000036	0.00033631647	-0.0003172435	0.9999317	-1.7804376e-13	1.79902e-15	1.8709941e-19	-1.7879242e-13	0.00067263	-0.00063448417	0.9998635	2.998975e-09	-2.8289047e-09	1
0	0.0003717456	-0.00035068888	0.9999222	0	0	0.34999973	0.0003717456	-0.00035068888	0.9999222	-1.7804376e-13	1.798987e-15	2.0219074e-19	-1.7847393e-13	0.0007434879	-0.0007013747	0.9998445	3.3163945e-09	-3.1285532e-09	1
0	0.00041551114	-0.00039201084	0.9999103	0	0	0.29999962	0.00041551114	-0.00039201084	0.9999103	-1.7804376e-13	1.7989453e-15	2.1985926e-19	-1.7815545e-13	0.0008310186	-0.0007840182	0.99982053	3.7085042e-09	-3.4987706e-09	1
0	0.00047094174	-0.0004443582	0.9998949	0	0	0.25	0.00047094174	-0.0004443582	0.99989486	-1.7804376e-13	1.7988917e-15	2.4086789e-19	-1.7783699e-13	0.00094187923	-0.0008887125	0.9997897	4.20513e-09	-3.9677728e-09	1
0	0.00055189925	-0.00052083895	0.99987185	0	0	0.19499981	0.00055189925	-0.00052083895	0.99987185	-1.7804376e-13	1.7988113e-15	2.6918543e-19	-1.7748669e-13	0.0011037935	-0.0010416734	0.9997437	4.9304623e-09	-4.6529975e-09	1
0	0.0005606642	-0.0005291217	0.99986935	0	0	0.19000006	0.0005606642	-0.0005291217	0.99986935	-1.7804376e-13	1.7988024e-15	2.7209915e-19	-1.7745485e-13	0.0011213233	-0.0010582388	0.9997387	5.0089937e-09	-4.727206e-09	1
0	0.00056970736	-0.0005376671	0.9998668	0	0	0.18499996	0.00056970736	-0.0005376671	0.9998668	-1.7804375e-13	1.7987935e-15	2.7507845e-19	-1.7742299e-13	0.0011394096	-0.0010753294	0.99973345	5.0900115e-09	-4.803769e-09	1
0	0.00057904504	-0.0005464915	0.99986416	0	0	0.18000017	0.00057904504	-0.0005464915	0.99986416	-1.7804375e-13	1.798784e-15	2.781256e-19	-1.7739114e-13	0.001158085	-0.0010929782	0.99972814	5.1736757e-09	-4.882829e-09	1
0	0.0005886964	-0.00055561203	0.9998613	0	0	0.17499986	0.0005886964	-0.00055561203	0.99986124	-1.7804375e-13	1.7987742e-15	2.8124278e-19	-1.7735931e-13	0.0011773874	-0.0011112192	0.99972254	5.2601425e-09	-4.964547e-09	1
0	0.00059867196	-0.00056504016	0.9998584	0	0	0.17000006	0.00059867196	-0.00056504016	0.99985844	-1.7804375e-13	1.798764e-15	2.8443296e-19	-1.7732746e-13	0.0011973386	-0.0011300752	0.99971676	5.349519e-09	-5.0490163e-09	1
0	0.0006089928	-0.0005747948	0.9998554	0	0	0.1650002	0.00060899276	-0.00057479483	0.9998554	-1.7804375e-13	1.7987534e-15	2.876988e-19	-1.7729562e-13	0.00121798	-0.0011495845	0.9997108	5.4419873e-09	-5.1364117e-09	1
0	0.00061966915	-0.0005848871	0.9998523	0	0	0.15999989	0.00061966915	-0.0005848871	0.9998523	-1.7804375e-13	1.7987429e-15	2.9104347e-19	-1.7726376e-13	0.0012393328	-0.0011697689	0.9997046	5.537645e-09	-5.2268336e-09	1
0	0.00063073507	-0.000595347	0.999849	0	0	0.15500008	0.00063073507	-0.000595347	0.999849	-1.7804372e-13	1.7987316e-15	2.9446955e-19	-1.7723191e-13	0.0012614644	-0.0011906887	0.99969816	5.636784e-09	-5.320549e-09	1
0	0.00064219756	-0.00060618285	0.9998457	0	0	0.14999981	0.00064219756	-0.00060618285	0.9998458	-1.7804372e-13	1.7987198e-15	2.9798065e-19	-1.7720007e-13	0.0012843893	-0.0012123601	0.9996915	5.739487e-09	-5.4176326e-09	1
0	0.00065408676	-0.0006174225	0.9998423	0	0	0.14500023	0.00065408676	-0.0006174225	0.9998423	-1.7804371e-13	1.7987077e-15	3.0158005e-19	-1.7716822e-13	0.0013081677	-0.0012348396	0.9996846	5.846009e-09	-5.5183316e-09	1
0	0.00066642254	-0.00062908523	0.99983865	0	0	0.14000009	0.00066642254	-0.00062908523	0.99983865	-1.7804371e-13	1.7986952e-15	3.052714e-19	-1.7713638e-13	0.0013328391	-0.0012581649	0.9996773	5.9565295e-09	-5.622826e-09	1
0	0.0006792361	-0.00064120063	0.9998349	0	0	0.13500017	0.0006792361	-0.00064120063	0.9998349	-1.7804368e-13	1.798682e-15	3.090588e-19	-1.771045e-13	0.0013584662	-0.0012823957	0.99966985	6.0713288e-09	-5.7313745e-09	1
0	0.0006925462	-0.0006537862	0.999831	0	0	0.13000007	0.0006925462	-0.0006537862	0.999831	-1.7804368e-13	1.7986681e-15	3.1294595e-19	-1.7707267e-13	0.0013850862	-0.0013075664	0.99966204	6.1905796e-09	-5.8441345e-09	1
0	0.00070639164	-0.0006668786	0.99982697	0	0	0.125	0.00070639164	-0.00066687865	0.99982697	-1.7804368e-13	1.798654e-15	3.1693756e-19	-1.7704084e-13	0.001412777	-0.0013337511	0.9996539	6.314628e-09	-5.961438e-09	1
0	0.00072080485	-0.00068050914	0.99982274	0	0	0.11999989	0.00072080485	-0.00068050914	0.99982274	-1.7804367e-13	1.7986389e-15	3.2103813e-19	-1.7700897e-13	0.0014416032	-0.0013610122	0.9996455	6.443762e-09	-6.083557e-09	1
0	0.00073580485	-0.00069469656	0.9998183	0	0	0.11499984	0.00073580485	-0.0006946966	0.9998183	-1.7804366e-13	1.7986236e-15	3.2525259e-19	-1.7697713e-13	0.001471603	-0.001389387	0.99963653	6.578156e-09	-6.2106706e-09	1
0	0.0007514482	-0.0007094934	0.99981374	0	0	0.10999988	0.0007514482	-0.0007094934	0.99981374	-1.7804366e-13	1.7986075e-15	3.2958608e-19	-1.7694529e-13	0.0015028898	-0.0014189807	0.99962735	6.7183143e-09	-6.343244e-09	1
0	0.000767781	-0.00072494266	0.99980885	0	0	0.10499983	0.000767781	-0.00072494266	0.99980885	-1.7804366e-13	1.7985904e-15	3.3404415e-19	-1.7691346e-13	0.0015355551	-0.0014498788	0.9996176	6.8646444e-09	-6.4816588e-09	1
0	0.0007848205	-0.00074106344	0.9998038	0	0	0.10000009	0.0007848205	-0.00074106344	0.9998038	-1.7804364e-13	1.7985726e-15	3.3863303e-19	-1.7688161e-13	0.0015696338	-0.0014821201	0.9996075	7.017315e-09	-6.6260943e-09	1
0	0.0008026408	-0.00075792405	0.9997985	0	0	0.09500003	0.00080264074	-0.00075792405	0.9997985	-1.7804364e-13	1.7985542e-15	3.4335898e-19	-1.7684977e-13	0.0016052742	-0.0015158412	0.99959695	7.176972e-09	-6.7771606e-09	1
0	0.0008212858	-0.0007755675	0.99979293	0	0	0.090000086	0.0008212858	-0.0007755675	0.9997929	-1.7804362e-13	1.7985347e-15	3.4822861e-19	-1.7681792e-13	0.0016425641	-0.0015511281	0.99958587	7.3440196e-09	-6.935237e-09	1
0	0.00084081956	-0.0007940534	0.9997871	0	0	0.08500003	0.00084081956	-0.0007940534	0.9997871	-1.7804359e-13	1.7985142e-15	3.532495e-19	-1.7678606e-13	0.0016816315	-0.0015880998	0.9995742	7.519034e-09	-7.1008577e-09	1
0	0.0008612553	-0.00081339665	0.99978095	0	0	0.079999946	0.0008612553	-0.00081339665	0.99978095	-1.7804357e-13	1.7984926e-15	3.584291e-19	-1.7675423e-13	0.0017225028	-0.001626786	0.999562	7.702135e-09	-7.274164e-09	1
0	0.00088279584	-0.0008337845	0.9997746	0	0	0.074999906	0.00088279584	-0.0008337845	0.9997746	-1.7804356e-13	1.7984701e-15	3.6377612e-19	-1.7672238e-13	0.0017655838	-0.0016675617	0.99954915	7.89512e-09	-7.456833e-09	1
0	0.0009054139	-0.0008551975	0.9997678	0	0	0.070000045	0.0009054139	-0.0008551975	0.9997678	-1.7804353e-13	1.7984462e-15	3.6930034e-19	-1.7669053e-13	0.0018108197	-0.0017103874	0.99953556	8.097764e-09	-7.648682e-09	1
0	0.0009292003	-0.00087771926	0.9997607	0	0	0.065000035	0.00092920027	-0.00087771926	0.9997607	-1.7804353e-13	1.7984212e-15	3.750103e-19	-1.766587e-13	0.0018583923	-0.0017554308	0.99952126	8.31088e-09	-7.850465e-09	1
0	0.00095427653	-0.0009014655	0.9997532	0	0	0.059999947	0.00095427653	-0.0009014655	0.9997532	-1.7804352e-13	1.7983947e-15	3.809173e-19	-1.7662686e-13	0.0019085447	-0.0018029228	0.99950624	8.535557e-09	-8.063221e-09	1
0	0.0009807369	-0.0009265262	0.99974513	0	0	0.05499994	0.0009807369	-0.00092652626	0.99974513	-1.780435e-13	1.7983666e-15	3.8703277e-19	-1.7659503e-13	0.0019614652	-0.0018530441	0.99949026	8.772631e-09	-8.287747e-09	1
0	0.0010087055	-0.00095301995	0.9997367	0	0	0.050000045	0.0010087055	-0.00095301995	0.99973667	-1.7804345e-13	1.798337e-15	3.9336907e-19	-1.7656314e-13	0.0020174019	-0.0019060314	0.99947345	9.023214e-09	-8.525122e-09	1
0	0.0010383191	-0.0009810765	0.99972785	0	0	0.045000043	0.0010383191	-0.0009810765	0.99972785	-1.7804344e-13	1.7983056e-15	3.9994004e-19	-1.7653132e-13	0.0020766289	-0.0019621444	0.99945563	9.288531e-09	-8.776496e-09	1
0	0.0010697176	-0.0010108297	0.99971837	0	0	0.039999973	0.0010697176	-0.0010108297	0.99971837	-1.7804343e-13	1.7982723e-15	4.067601e-19	-1.7649948e-13	0.0021394256	-0.00202165	0.9994367	9.569859e-09	-9.043067e-09	1
0	0.0011030611	-0.0010424324	0.99970835	0	0	0.035000023	0.0011030611	-0.0010424324	0.99970824	-1.7804341e-13	1.7982363e-15	4.1384541e-19	-1.7646763e-13	0.0022061125	-0.0020848557	0.9994164	9.868591e-09	-9.326212e-09	1
0	0.0011385584	-0.0010760827	0.99969745	0	0	0.029999973	0.0011385584	-0.0010760828	0.99969745	-1.7804337e-13	1.7981986e-15	4.2121407e-19	-1.764358e-13	0.0022771067	-0.0021521559	0.999395	1.018663e-08	-9.627705e-09	1
0	0.0011764218	-0.0011119837	0.999686	0	0	0.025000023	0.0011764218	-0.0011119837	0.999686	-1.780433e-13	1.7981582e-15	4.2888526e-19	-1.7640392e-13	0.002352833	-0.0022239573	0.9993721	1.0525868e-08	-9.9493604e-09	1
0	0.0012168731	-0.0011503474	0.9996737	0	0	0.019999987	0.0012168731	-0.0011503474	0.9996737	-1.7804329e-13	1.7981148e-15	4.3688025e-19	-1.763721e-13	0.0024337354	-0.0023006846	0.99934745	1.0888293e-08	-1.02930855e-08	1
0	0.0012602021	-0.0011914509	0.99966055	0	0	0.014999987	0.0012602021	-0.0011914509	0.9996607	-1.7804326e-13	1.7980686e-15	4.4522293e-19	-1.7634028e-13	0.002520393	-0.002382891	0.99932116	1.12765e-08	-1.06613545e-08	1
0	0.0013067327	-0.0012356022	0.9996464	0	0	0.009999993	0.0013067327	-0.0012356021	0.9996464	-1.780432e-13	1.7980186e-15	4.539398e-19	-1.763084e-13	0.0026134537	-0.0024711934	0.99929273	1.1693393e-08	-1.1056924e-08	1
0	0.0013568273	-0.0012831487	0.99963117	0	0	0.0049999966	0.0013568273	-0.0012831487	0.99963117	-1.7804318e-13	1.7979644e-15	4.630592e-19	-1.762766e-13	0.0027136425	-0.0025662854	0.9992622	1.2142221e-08	-1.1482923e-08	1
0	0.0014108275	-0.0013344159	0.9996147	0	0	-9.887924e-17	0.0014108276	-0.0013344159	0.9996147	-1.7804311e-13	1.7979064e-15	4.7261393e-19	-1.7624475e-13	0.0028216422	-0.0026688199	0.9992293	1.2626037e-08	-1.1942252e-08	1
0	0.0014694674	-0.0013901086	0.9995968	0	0	-0.0049999966	0.0014694675	-0.0013901086	0.9995968	-1.7804307e-13	1.797843e-15	4.8264143e-19	-1.7621291e-13	0.0029389218	-0.0027802046	0.99919355	1.3151419e-08	-1.2441234e-08	1
0	0.0015329618	-0.0014504207	0.9995774	0	0	-0.009999993	0.0015329618	-0.0014504207	0.9995774	-1.78043e-13	1.7977745e-15	4.9318225e-19	-1.7618105e-13	0.00306591	-0.0029008284	0.9991547	1.37203e-08	-1.2981603e-08	1
0	0.0016022298	-0.0015162465	0.9995561	0	0	-0.014999987	0.0016022298	-0.0015162464	0.9995561	-1.7804294e-13	1.7976997e-15	5.0428213e-19	-1.7614923e-13	0.003204445	-0.0030324792	0.99911225	1.434091e-08	-1.3571373e-08	1
0	0.0016784874	-0.0015887606	0.9995328	0	0	-0.019999987	0.0016784874	-0.0015887606	0.9995328	-1.7804286e-13	1.7976174e-15	5.1599537e-19	-1.7611738e-13	0.0033569597	-0.003177507	0.9990658	1.5024144e-08	-1.4221065e-08	1
0	0.0017620163	-0.0016682113	0.9995074	0	0	-0.025000023	0.0017620163	-0.0016682113	0.9995074	-1.7804277e-13	1.7975272e-15	5.2838147e-19	-1.7608555e-13	0.003524017	-0.0033364077	0.99901456	1.5772526e-08	-1.4932912e-08	1
0	0.0018543468	-0.0017560672	0.99947906	0	0	-0.029999973	0.0018543468	-0.0017560672	0.99947906	-1.780427e-13	1.7974272e-15	5.4151125e-19	-1.7605371e-13	0.0037086771	-0.0035121182	0.9989582	1.6599762e-08	-1.5720056e-08	1
0	0.0019568244	-0.0018536367	0.9994477	0	0	-0.035000023	0.0019568247	-0.0018536367	0.9994476	-1.7804259e-13	1.797316e-15	5.554632e-19	-1.7602189e-13	0.0039136317	-0.0037072566	0.99889535	1.7517918e-08	-1.6594237e-08	1
0	0.002071343	-0.0019627209	0.9994126	0	0	-0.039999973	0.002071343	-0.0019627209	0.9994126	-1.7804246e-13	1.797192e-15	5.703341e-19	-1.7599004e-13	0.004142667	-0.0039254245	0.99882525	1.8543954e-08	-1.7571583e-08	1
0	0.0021996903	-0.0020850054	0.9993732	0	0	-0.045000043	0.0021996903	-0.0020850054	0.9993732	-1.7804231e-13	1.797052e-15	5.862351e-19	-1.759582e-13	0.004399361	-0.004169992	0.9987464	1.9693882e-08	-1.8667198e-08	1
0	0.0023455138	-0.0022240647	0.99932855	0	0	-0.050000045	0.0023455138	-0.0022240647	0.99932843	-1.7804216e-13	1.796894e-15	6.032962e-19	-1.7592637e-13	0.004691007	-0.00444811	0.998657	2.1000393e-08	-1.9913104e-08	1
0	0.0025120268	-0.00238296	0.9992775	0	0	-0.05499994	0.0025120266	-0.0023829602	0.9992776	-1.7804199e-13	1.7967127e-15	6.216764e-19	-1.7589454e-13	0.0050240303	-0.0047658985	0.99855494	2.2492268e-08	-2.1336733e-08	1
0	0.0027039163	-0.0025661907	0.99921864	0	0	-0.059999947	0.0027039163	-0.0025661907	0.99921864	-1.7804177e-13	1.7965046e-15	6.415701e-19	-1.7586272e-13	0.0054078083	-0.0051323595	0.99843735	2.4211506e-08	-2.2978394e-08	1
0	0.0029275732	-0.002779909	0.99915004	0	0	-0.065000035	0.002927573	-0.0027799092	0.99915004	-1.7804151e-13	1.7962615e-15	6.632152e-19	-1.7583088e-13	0.00585512	-0.005559793	0.9983002	2.6215373e-08	-2.4893218e-08	1
0	0.0031931042	-0.0030339765	0.999069	0	0	-0.070000045	0.0031931042	-0.0030339765	0.999069	-1.7804122e-13	1.7959737e-15	6.8690815e-19	-1.7579906e-13	0.0063861795	-0.0060679256	0.9981381	2.8594405e-08	-2.7169543e-08	1
0	0.0035099091	-0.0033371202	0.998972	0	0	-0.074999906	0.0035099091	-0.0033371202	0.998972	-1.7804088e-13	1.7956292e-15	7.130504e-19	-1.7576726e-13	0.0070197866	-0.00667421	0.99794394	3.1432823e-08	-2.9885566e-08	1
0	0.0038980811	-0.003708999	0.9988532	0	0	-0.079999946	0.0038980811	-0.003708999	0.9988532	-1.7804039e-13	1.7952078e-15	7.4212933e-19	-1.7573544e-13	0.007796127	-0.0074179643	0.99770665	3.4910666e-08	-3.321743e-08	1
0	0.004385523	-0.0041764406	0.99870473	0	0	-0.08500003	0.0043855235	-0.0041764406	0.99870473	-1.7803983e-13	1.7946803e-15	7.748333e-19	-1.7570362e-13	0.008771009	-0.008352844	0.99740946	3.9277904e-08	-3.7405485e-08	1
0	0.005016013	-0.0047814166	0.9985131	0	0	-0.090000086	0.0050160126	-0.0047814166	0.9985131	-1.7803909e-13	1.7940001e-15	8.121597e-19	-1.7567183e-13	0.01003198	-0.00956279	0.99702626	4.4926765e-08	-4.2825782e-08	1
0	0.0058598905	-0.005591489	0.9982565	0	0	-0.09500003	0.005859891	-0.005591489	0.99825656	-1.7803806e-13	1.793089e-15	8.555352e-19	-1.7564e-13	0.011719729	-0.011182928	0.996513	5.2487458e-08	-5.008363e-08	1
0	0.007056844	-0.0067402804	0.9978928	0	0	-0.10000009	0.007056844	-0.0067402804	0.9978928	-1.780366e-13	1.7917987e-15	9.072731e-19	-1.7560823e-13	0.0141136255	-0.013480499	0.9957857	6.321151e-08	-6.037619e-08	1
0	0.008909894	-0.008515519	0.9973313	0	0	-0.10499983	0.008909894	-0.008515519	0.99733126	-1.780343e-13	1.7898081e-15	9.715519e-19	-1.7557645e-13	0.017819708	-0.017030962	0.9946626	7.981373e-08	-7.628137e-08	1
0	0.012284264	-0.01172534	0.99631345	0	0	-0.10999988	0.012284263	-0.01172534	0.99631333	-1.7803009e-13	1.7862095e-15	1.0578664e-18	-1.7554469e-13	0.024568416	-0.023450572	0.9926266	1.1004588e-07	-1.0503939e-07	1
0	0.020648997	-0.0193876	0.9936141	0	0	-0.11499984	0.020648997	-0.0193876	0.99361396	-1.7801885e-13	1.7767655e-15	1.2041365e-18	-1.7551299e-13	0.041297812	-0.038775023	0.987228	1.8498666e-07	-1.736873e-07	1
0	0.023108218	-0.021636244	0.9923719	0	0	-0.11999989	0.023108218	-0.021636244	0.9923719	-1.7801376e-13	1.7724731e-15	1.3016206e-18	-1.754814e-13	0.046216227	-0.043272298	0.9847437	2.070186e-07	-1.9383302e-07	1
0	0.023610877	-0.022098757	0.99208957	0	0	-0.125	0.023610877	-0.022098755	0.9920896	-1.780126e-13	1.771502e-15	1.3288603e-18	-1.754498e-13	0.04722154	-0.044197313	0.98417914	2.1152218e-07	-1.979769e-07	1
0	0.024101056	-0.022552524	0.99179745	0	0	-0.13000007	0.024101056	-0.022552522	0.9917974	-1.780114e-13	1.7704983e-15	1.3586091e-18	-1.7541822e-13	0.0482019	-0.045104846	0.9835949	2.1591399e-07	-2.0204249e-07	1
0	0.02469223	-0.023101471	0.9914314	0	0	-0.13500017	0.02469223	-0.023101471	0.9914314	-1.780099e-13	1.769243e-15	1.3959341e-18	-1.7538667e-13	0.049384236	-0.046202734	0.9828629	2.212106e-07	-2.069608e-07	1
0	0.025505846	-0.023858195	0.990911	0	0	-0.14000009	0.025505845	-0.023858197	0.990911	-1.7800781e-13	1.7674624e-15	1.4474705e-18	-1.7535519e-13	0.05101146	-0.047716178	0.98182213	2.2850003e-07	-2.1374056e-07	1
0	0.026391098	-0.024682323	0.99032587	0	0	-0.14500023	0.026391098	-0.024682323	0.99032587	-1.7800542e-13	1.765466e-15	1.5035849e-18	-1.7532373e-13	0.052781958	-0.049364425	0.9806517	2.3643129e-07	-2.2112424e-07	1
0	0.02757354	-0.025783705	0.9895153	0	0	-0.14999981	0.02757354	-0.025783706	0.9895153	-1.7800214e-13	1.7627122e-15	1.5783e-18	-1.7529236e-13	0.055146832	-0.05156718	0.97903067	2.4702504e-07	-2.3099186e-07	1
0	0.028868541	-0.026990298	0.9885906	0	0	-0.15500008	0.028868541	-0.026990298	0.9885906	-1.779984e-13	1.759586e-15	1.6602127e-18	-1.7526106e-13	0.05773683	-0.053980354	0.9771812	2.586273e-07	-2.4180207e-07	1
0	0.030392075	-0.028410176	0.98745227	0	0	-0.15999989	0.030392075	-0.028410176	0.98745227	-1.7799382e-13	1.7557618e-15	1.7573078e-18	-1.7522988e-13	0.060783878	-0.0568201	0.9749046	2.722769e-07	-2.545232e-07	1
0	0.032159608	-0.030057851	0.9860626	0	0	-0.1650002	0.032159608	-0.030057851	0.9860626	-1.7798828e-13	1.751129e-15	1.8713597e-18	-1.7519887e-13	0.06431893	-0.06011543	0.9721252	2.8811263e-07	-2.6928515e-07	1
0	0.038795244	-0.036238015	0.98020667	0	0	-0.17000006	0.038795244	-0.036238015	0.98020667	-1.7796534e-13	1.7320819e-15	2.2963098e-18	-1.7516948e-13	0.07759013	-0.07247571	0.9604133	3.4756016e-07	-3.246529e-07	1
0	-0.00063253223	0.0005237804	0.00026639772	0	0	-0.17499986	-0.00063253223	0.0005237804	0.0002663977	-1.7804325e-13	1.7970113e-15	4.4732525e-18	-1.7624145e-13	-0.0012650588	0.001047556	-0.99946725	-5.6709024e-09	4.693897e-09	1
0	-0.0005801193	0.00054749567	0.00013624884	0	0	-0.18000017	-0.0005801193	0.00054749567	0.00013624884	-1.7804375e-13	1.7973865e-15	3.4233374e-18	-1.7624278e-13	-0.0011602334	0.0010949866	-0.9997275	-5.200194e-09	4.907767e-09	1
0	-0.00057075854	0.00053866673	0.00013355045	0	0	-0.18499996	-0.0005707586	0.00053866673	0.00013355046	-1.7804375e-13	1.7973963e-15	3.4203013e-18	-1.7624277e-13	-0.0011415121	0.0010773287	-0.9997329	-5.116515e-09	4.828843e-09	1
0	-0.0005616801	0.0005300874	0.00013094072	0	0	-0.19000006	-0.00056168006	0.0005300874	0.00013094072	-1.7804375e-13	1.7974056e-15	3.417331e-18	-1.7624277e-13	-0.0011233551	0.0010601701	-0.99973816	-5.0353615e-09	4.752146e-09	1
0	-0.0005528877	0.0005217791	0.00012841659	0	0	-0.19499981	-0.0005528877	0.0005217791	0.00012841659	-1.7804376e-13	1.797414e-15	3.4144256e-18	-1.7624277e-13	-0.0011057704	0.0010435536	-0.9997432	-4.9567657e-09	4.677878e-09	1
0	-0.0005361037	0.0005059211	0.00012361078	0	0	-0.20499994	-0.0005361037	0.0005059211	0.00012361078	-1.7804376e-13	1.7974312e-15	3.4088014e-18	-1.7624276e-13	-0.0010722026	0.0010118376	-0.99975276	-4.806732e-09	4.5361155e-09	1
0	-0.00046543754	0.00043916487	0.00010359874	0	0	-0.25499967	-0.00046543754	0.00043916493	0.00010359874	-1.7804376e-13	1.7975007e-15	3.3839152e-18	-1.7624273e-13	-0.0009308709	0.00087832584	-0.9997928	-4.1750225e-09	3.9393644e-09	1
0	-0.0004112276	0.00038796934	8.853265e-05	0	0	-0.30500022	-0.0004112276	0.00038796934	8.853265e-05	-1.7804378e-13	1.7975534e-15	3.3633373e-18	-1.7624269e-13	-0.0008224515	0.0007759351	-0.99982285	-3.690431e-09	3.4817098e-09	1
0	-0.00036831852	0.00034745524	7.682491e-05	0	0	-0.3549996	-0.00036831852	0.00034745527	7.682491e-05	-1.7804376e-13	1.7975943e-15	3.3459985e-18	-1.7624265e-13	-0.0007366337	0.0006949074	-0.99984634	-3.3068552e-09	3.1195473e-09	1
0	-0.00033350938	0.00031459494	6.75039e-05	0	0	-0.40499973	-0.00033350938	0.00031459492	6.750389e-05	-1.7804376e-13	1.7976267e-15	3.3311663e-18	-1.7624263e-13	-0.0006670158	0.0006291871	-0.99986506	-2.9956895e-09	2.8258005e-09	1
0	-0.00030470613	0.00028740807	5.992651e-05	0	0	-0.45500082	-0.00030470613	0.00028740804	5.992651e-05	-1.7804376e-13	1.7976527e-15	3.318319e-18	-1.7624262e-13	-0.00060940953	0.00057481346	-0.9998802	-2.7382085e-09	2.5827724e-09	1
0	-0.00028048243	0.00026454596	5.3668104e-05	0	0	-0.5050003	-0.0002804824	0.00026454596	5.3668107e-05	-1.7804376e-13	1.7976745e-15	3.3070747e-18	-1.762426e-13	-0.00056096236	0.0005290896	-0.99989265	-2.5216749e-09	2.378404e-09	1
0	-0.00025982544	0.00024505184	4.8419603e-05	0	0	-0.55500025	-0.00025982547	0.00024505184	4.8419603e-05	-1.7804375e-13	1.7976923e-15	3.2971446e-18	-1.7624259e-13	-0.00051964854	0.00049010146	-0.99990314	-2.3370181e-09	2.2041435e-09	1
0	-0.0002419981	0.00022822939	4.3969514e-05	0	0	-0.60500026	-0.00024199809	0.00022822939	4.3969514e-05	-1.7804375e-13	1.7977078e-15	3.288307e-18	-1.7624258e-13	-0.00048399405	0.0004564567	-0.9999121	-2.1776603e-09	2.0537665e-09	1
0	-0.00022645971	0.00021356774	4.0153285e-05	0	0	-0.6549993	-0.00022645971	0.00021356772	4.015329e-05	-1.7804374e-13	1.797721e-15	3.2803899e-18	-1.7624257e-13	-0.0004529174	0.00042713352	-0.99991965	-2.0387612e-09	1.9227042e-09	1
0	-0.00021279734	0.00020067679	3.685176e-05	0	0	-0.70500124	-0.00021279734	0.00020067679	3.685176e-05	-1.7804371e-13	1.7977326e-15	3.2732548e-18	-1.7624254e-13	-0.00042559276	0.00040135175	-0.99992627	-1.9166353e-09	1.8074724e-09	1
0	-0.00020068738	0.00018925124	3.3970457e-05	0	0	-0.7549992	-0.00020068738	0.00018925124	3.397046e-05	-1.7804371e-13	1.7977425e-15	3.2667896e-18	-1.7624254e-13	-0.00040137293	0.00037850076	-0.99993205	-1.8083858e-09	1.7053409e-09	1
0	-0.0001898809	0.0001790559	3.144033e-05	0	0	-0.80500025	-0.0001898809	0.0001790559	3.144033e-05	-1.7804368e-13	1.797751e-15	3.260905e-18	-1.7624251e-13	-0.00037976008	0.00035811018	-0.9999372	-1.7117898e-09	1.6142059e-09	1
0	-0.00018017914	0.0001699031	2.9203498e-05	0	0	-0.85500133	-0.00018017914	0.00016990311	2.9203498e-05	-1.7804367e-13	1.7977588e-15	3.2555252e-18	-1.7624248e-13	-0.00036035661	0.00033980465	-0.9999416	-1.6250679e-09	1.5323903e-09	1
0	-0.00017142393	0.00016164342	2.7212805e-05	0	0	-0.9049992	-0.00017142393	0.00016164342	2.7212809e-05	-1.7804367e-13	1.7977656e-15	3.2505888e-18	-1.7624248e-13	-0.00034284627	0.0003232854	-0.99994564	-1.5468075e-09	1.4585596e-09	1
0	-0.00016347202	0.00015414217	2.5433772e-05	0	0	-0.95500135	-0.00016347202	0.00015414217	2.543377e-05	-1.7804366e-13	1.797772e-15	3.2460424e-18	-1.7624247e-13	-0.0003269426	0.0003082829	-0.99994916	-1.475727e-09	1.3915059e-09	1
0	-0.00015692408	0.0001479653	2.3985933e-05	0	0	-1	-0.00015692408	0.0001479653	2.3985933e-05	-1.7804366e-13	1.7977768e-15	3.242248e-18	-1.7624248e-13	-0.00031384674	0.00029592926	-0.9999521	-1.4171976e-09	1.336295e-09	1
0	-0.0001642302	0.00015485685	2.5601867e-05	0	0	-0.94999886	-0.0001642302	0.00015485685	2.5601868e-05	-1.7804366e-13	1.7977713e-15	3.2464804e-18	-1.7624247e-13	-0.0003284589	0.0003097123	-0.9999488	-1.4825035e-09	1.3978975e-09	1
0	-0.00017225335	0.00016242552	2.7402155e-05	0	0	-0.900001	-0.00017225335	0.00016242552	2.7402157e-05	-1.7804367e-13	1.7977652e-15	3.2510638e-18	-1.7624248e-13	-0.0003445051	0.00032484953	-0.99994516	-1.5542216e-09	1.4655493e-09	1
0	-0.00018109947	0.00017077084	2.9414708e-05	0	0	-0.849999	-0.00018109947	0.00017077084	2.9414708e-05	-1.7804367e-13	1.7977584e-15	3.2560416e-18	-1.7624248e-13	-0.00036219732	0.00034154017	-0.9999412	-1.6332923e-09	1.5401466e-09	1
0	-0.00019090364	0.00018002024	3.167873e-05	0	0	-0.8000007	-0.00019090362	0.00018002024	3.167873e-05	-1.7804368e-13	1.7977501e-15	3.2614687e-18	-1.7624251e-13	-0.00038180556	0.00036003883	-0.99993664	-1.720929e-09	1.6228243e-09	1
0	-0.00020182985	0.00019032854	3.4242858e-05	0	0	-0.75	-0.00020182985	0.00019032856	3.4242858e-05	-1.7804371e-13	1.7977415e-15	3.267408e-18	-1.7624254e-13	-0.00040365788	0.00038065534	-0.9999315	-1.8185969e-09	1.7149692e-09	1
0	-0.0002140796	0.00020188613	3.7161444e-05	0	0	-0.69999945	-0.0002140796	0.00020188613	3.7161444e-05	-1.7804371e-13	1.7977313e-15	3.2739356e-18	-1.7624254e-13	-0.00042815728	0.00040377048	-0.99992573	-1.9280941e-09	1.818282e-09	1
0	-0.00022791525	0.00021494043	4.0508883e-05	0	0	-0.6500008	-0.00022791528	0.00021494043	4.050888e-05	-1.7804374e-13	1.79772e-15	3.2811436e-18	-1.7624257e-13	-0.0004558285	0.00042987894	-0.99991894	-2.051772e-09	1.9349722e-09	1
0	-0.00024365993	0.00022979677	4.4382316e-05	0	0	-0.59999925	-0.00024365993	0.00022979677	4.438232e-05	-1.7804375e-13	1.7977065e-15	3.2891462e-18	-1.7624258e-13	-0.00048731774	0.0004595915	-0.9999113	-2.1925124e-09	2.0677762e-09	1
0	-0.0002617372	0.00024685534	4.890577e-05	0	0	-0.5499998	-0.0002617372	0.00024685534	4.890577e-05	-1.7804375e-13	1.797691e-15	3.298084e-18	-1.7624259e-13	-0.0005234721	0.0004937085	-0.99990225	-2.3541076e-09	2.2202646e-09	1
0	-0.0002827145	0.0002666517	5.4242046e-05	0	0	-0.5	-0.0002827145	0.0002666517	5.4242046e-05	-1.7804376e-13	1.7976724e-15	3.3081347e-18	-1.762426e-13	-0.0005654264	0.000533301	-0.99989146	-2.5416267e-09	2.3972286e-09	1
0	-0.00030734402	0.00028989677	6.0618644e-05	0	0	-0.4500005	-0.00030734402	0.00028989674	6.061865e-05	-1.7804376e-13	1.7976504e-15	3.3195252e-18	-1.7624262e-13	-0.0006146853	0.0005797909	-0.99987876	-2.7617895e-09	2.6050153e-09	1
0	-0.00033666956	0.00031757675	6.83473e-05	0	0	-0.40000036	-0.00033666956	0.00031757675	6.83473e-05	-1.7804376e-13	1.7976235e-15	3.3325515e-18	-1.7624263e-13	-0.0006733361	0.00063515065	-0.9998633	-3.0239349e-09	2.8524552e-09	1
0	-0.00037218325	0.00035110253	7.787329e-05	0	0	-0.34999973	-0.00037218325	0.00035110253	7.787329e-05	-1.7804376e-13	1.7975903e-15	3.3476082e-18	-1.7624265e-13	-0.0007443632	0.0007022018	-0.99984425	-3.3414018e-09	3.1521559e-09	1
0	-0.00041604784	0.0003925177	8.9863664e-05	0	0	-0.29999962	-0.00041604784	0.0003925177	8.9863664e-05	-1.7804376e-13	1.7975488e-15	3.365233e-18	-1.7624267e-13	-0.0008320919	0.0007850318	-0.9998203	-3.733517e-09	3.5223722e-09	1
0	-0.00047163112	0.0004450094	0.00010534338	0	0	-0.25	-0.00047163112	0.0004450094	0.000105343366	-1.7804376e-13	1.797495e-15	3.3861865e-18	-1.7624271e-13	-0.00094325806	0.00089001475	-0.9997893	-4.230387e-09	3.99161e-09	1
0	-0.00055284874	0.00052173587	0.00012841179	0	0	-0.19499981	-0.00055284874	0.00052173587	0.00012841179	-1.7804376e-13	1.7974143e-15	3.4144223e-18	-1.7624277e-13	-0.0011056925	0.001043467	-0.99974316	-4.956417e-09	4.677494e-09	1
0	-0.0005616436	0.00053004717	0.0001309358	0	0	-0.19000006	-0.00056164357	0.00053004717	0.0001309358	-1.7804375e-13	1.7974054e-15	3.4173277e-18	-1.7624277e-13	-0.0011232824	0.0010600896	-0.99973816	-5.0350355e-09	4.7517927e-09	1
0	-0.00057071756	0.0005386217	0.00013354461	0	0	-0.18499996	-0.00057071756	0.0005386216	0.00013354461	-1.7804375e-13	1.7973963e-15	3.4202977e-18	-1.7624277e-13	-0.0011414299	0.0010772385	-0.9997329	-5.11615e-09	4.82844e-09	1
0	-0.00058008934	0.00054747815	0.00013624523	0	0	-0.18000017	-0.00058008934	0.00054747815	0.00013624523	-1.7804375e-13	1.7973868e-15	3.4233356e-18	-1.7624278e-13	-0.0011601736	0.0010949513	-0.9997275	-5.1999236e-09	4.9076108e-09	1
0	-0.00058977527	0.00055663165	0.00013904172	0	0	-0.17499986	-0.00058977527	0.00055663165	0.00013904172	-1.7804375e-13	1.7973768e-15	3.426443e-18	-1.762428e-13	-0.0011795453	0.0011132583	-0.99972194	-5.286515e-09	4.989438e-09	1
0	-0.00059978885	0.00056609575	0.0001419388	0	0	-0.17000006	-0.00059978885	0.00056609575	0.00014193878	-1.7804375e-13	1.7973669e-15	3.429623e-18	-1.762428e-13	-0.0011995722	0.0011321865	-0.99971616	-5.3760285e-09	5.0740425e-09	1
0	-0.00061014295	0.0005758826	0.00014493887	0	0	-0.1650002	-0.00061014295	0.0005758826	0.00014493887	-1.7804375e-13	1.7973565e-15	3.4328787e-18	-1.7624281e-13	-0.0012202805	0.00115176	-0.9997101	-5.46859e-09	5.161529e-09	1
0	-0.0006208698	0.0005860214	0.0001480528	0	0	-0.15999989	-0.0006208698	0.0005860214	0.00014805282	-1.7804374e-13	1.7973455e-15	3.4362123e-18	-1.762428e-13	-0.001241734	0.0011720376	-0.9997039	-5.564475e-09	5.25216e-09	1
0	-0.0006319728	0.00059651723	0.00015128347	0	0	-0.15500008	-0.00063197286	0.00059651723	0.00015128346	-1.7804372e-13	1.7973342e-15	3.4396277e-18	-1.7624281e-13	-0.0012639399	0.0011930292	-0.99969745	-5.6637255e-09	5.3459877e-09	1
0	-0.00064348365	0.0006073985	0.0001546367	0	0	-0.14999981	-0.00064348365	0.0006073985	0.0001546367	-1.7804374e-13	1.7973226e-15	3.443127e-18	-1.7624282e-13	-0.0012869616	0.0012147917	-0.9996908	-5.7666223e-09	5.443261e-09	1
0	-0.0006554205	0.0006186833	0.0001581188	0	0	-0.14500023	-0.0006554205	0.0006186833	0.00015811878	-1.7804371e-13	1.79731e-15	3.4467142e-18	-1.7624281e-13	-0.0013108349	0.001237361	-0.99968374	-5.8733307e-09	5.544136e-09	1
0	-0.0006678155	0.0006304014	0.00016174196	0	0	-0.14000009	-0.00066781556	0.0006304014	0.00016174196	-1.7804371e-13	1.7972974e-15	3.450393e-18	-1.7624281e-13	-0.0013356251	0.0012607973	-0.9996766	-5.984138e-09	5.648892e-09	1
0	-0.00068067265	0.00064255873	0.00016550861	0	0	-0.13500017	-0.00068067265	0.00064255873	0.00016550861	-1.7804368e-13	1.7972845e-15	3.4541677e-18	-1.762428e-13	-0.0013613394	0.0012851115	-0.99966896	-6.09907e-09	5.757566e-09	1
0	-0.00069402566	0.0006551852	0.00016943162	0	0	-0.13000007	-0.00069402566	0.0006551852	0.00016943163	-1.7804368e-13	1.7972707e-15	3.4580412e-18	-1.7624281e-13	-0.0013880451	0.0013103645	-0.9996611	-6.2184347e-09	5.8704384e-09	1
0	-0.0007079474	0.0006683497	0.00017351864	0	0	-0.125	-0.0007079474	0.0006683497	0.00017351862	-1.7804368e-13	1.7972563e-15	3.462019e-18	-1.7624282e-13	-0.0014158885	0.0013366934	-0.99965286	-6.3428893e-09	5.9881238e-09	1
0	-0.0007224278	0.00068204483	0.00017778164	0	0	-0.11999989	-0.0007224278	0.00068204483	0.00017778164	-1.7804367e-13	1.7972413e-15	3.466105e-18	-1.7624282e-13	-0.0014448492	0.0013640835	-0.9996445	-6.4723333e-09	6.1105494e-09	1
0	-0.0007374664	0.00069626933	0.00018222722	0	0	-0.11499984	-0.0007374664	0.00069626933	0.00018222722	-1.7804366e-13	1.797226e-15	3.470304e-18	-1.7624282e-13	-0.0014749262	0.0013925325	-0.9996355	-6.6067636e-09	6.2377046e-09	1
0	-0.00075320905	0.0007111588	0.00018687376	0	0	-0.10999988	-0.00075320905	0.0007111588	0.00018687376	-1.7804366e-13	1.7972097e-15	3.4746222e-18	-1.7624284e-13	-0.0015064115	0.0014223113	-0.99962616	-6.747496e-09	6.3708065e-09	1
0	-0.00076961034	0.00072667387	0.00019172815	0	0	-0.10499983	-0.00076961034	0.00072667387	0.00019172815	-1.7804366e-13	1.7971924e-15	3.4790633e-18	-1.7624285e-13	-0.0015392138	0.0014533412	-0.9996165	-6.894111e-09	6.509503e-09	1
0	-0.0007867391	0.00074287865	0.00019680576	0	0	-0.10000009	-0.0007867391	0.00074287876	0.00019680576	-1.7804364e-13	1.7971746e-15	3.4836356e-18	-1.7624285e-13	-0.0015734712	0.0014857507	-0.9996064	-7.0472352e-09	6.6543633e-09	1
0	-0.00080464716	0.0007598227	0.00020212527	0	0	-0.09500003	-0.00080464716	0.0007598227	0.00020212527	-1.7804364e-13	1.7971562e-15	3.488343e-18	-1.7624286e-13	-0.0016092872	0.0015196387	-0.9995957	-7.2073183e-09	6.8058297e-09	1
0	-0.00082338764	0.0007775565	0.00020770187	0	0	-0.090000086	-0.00082338764	0.0007775565	0.00020770186	-1.7804362e-13	1.7971367e-15	3.493194e-18	-1.7624288e-13	-0.001646768	0.001555106	-0.9995846	-7.374843e-09	6.9643624e-09	1
0	-0.0008430197	0.00079613563	0.00021355264	0	0	-0.08500003	-0.0008430198	0.00079613563	0.00021355262	-1.7804359e-13	1.797116e-15	3.4981948e-18	-1.7624286e-13	-0.0016860319	0.0015922643	-0.9995729	-7.550343e-09	7.130447e-09	1
0	-0.0008636166	0.00081562944	0.0002197012	0	0	-0.079999946	-0.00086361653	0.00081562944	0.0002197012	-1.7804357e-13	1.7970945e-15	3.503354e-18	-1.7624285e-13	-0.0017272254	0.0016312515	-0.9995606	-7.734462e-09	7.3047057e-09	1
0	-0.00088523433	0.0008360933	0.00022616563	0	0	-0.074999906	-0.00088523433	0.0008360934	0.00022616563	-1.7804356e-13	1.7970719e-15	3.5086797e-18	-1.7624288e-13	-0.0017704609	0.0016721791	-0.99954766	-7.927707e-09	7.487642e-09	1
0	-0.00090796757	0.00085761526	0.0002329711	0	0	-0.070000045	-0.00090796757	0.0008576152	0.0002329711	-1.7804353e-13	1.797048e-15	3.514181e-18	-1.7624288e-13	-0.0018159271	0.0017152228	-0.999534	-8.130931e-09	7.680033e-09	1
0	-0.00093189185	0.0008802678	0.00024014592	0	0	-0.065000035	-0.00093189185	0.0008802678	0.00024014592	-1.7804353e-13	1.7970225e-15	3.5198665e-18	-1.7624289e-13	-0.0018637753	0.0017605277	-0.9995197	-8.344791e-09	7.88253e-09	1
0	-0.0009570626	0.00090410537	0.0002477196	0	0	-0.059999947	-0.0009570626	0.00090410537	0.00024771958	-1.7804352e-13	1.796996e-15	3.5257486e-18	-1.762429e-13	-0.0019141167	0.0018082025	-0.99950457	-8.569801e-09	8.095625e-09	1
0	-0.0009837332	0.0009293641	0.00025573018	0	0	-0.05499994	-0.0009837331	0.0009293641	0.00025573018	-1.7804349e-13	1.7969677e-15	3.531837e-18	-1.7624289e-13	-0.0019674576	0.0018587199	-0.99948853	-8.808218e-09	8.32142e-09	1
0	-0.0010118303	0.00095598114	0.00026420626	0	0	-0.050000045	-0.0010118303	0.00095598114	0.0002642063	-1.7804345e-13	1.7969378e-15	3.538145e-18	-1.7624289e-13	-0.0020236515	0.0019119538	-0.9994716	-9.0593835e-09	8.559356e-09	1
0	-0.0010416657	0.000984248	0.0002731986	0	0	-0.045000043	-0.0010416657	0.000984248	0.0002731986	-1.7804344e-13	1.7969063e-15	3.544686e-18	-1.762429e-13	-0.002083322	0.0019684872	-0.9994536	-9.326101e-09	8.812044e-09	1
0	-0.0010732807	0.0010142063	0.00028274627	0	0	-0.039999973	-0.0010732806	0.0010142064	0.00028274624	-1.7804341e-13	1.7968724e-15	3.5514747e-18	-1.7624292e-13	-0.0021465519	0.0020284038	-0.99943453	-9.608711e-09	9.079856e-09	1
0	-0.0011068576	0.0010460307	0.00029290427	0	0	-0.035000023	-0.0011068576	0.0010460307	0.0002929042	-1.780434e-13	1.7968368e-15	3.558526e-18	-1.7624293e-13	-0.002213705	0.002092052	-0.99941415	-9.90887e-09	9.364344e-09	1
0	-0.0011426043	0.0010799182	0.00030373156	0	0	-0.029999973	-0.0011426042	0.0010799182	0.00030373156	-1.7804334e-13	1.7967987e-15	3.565859e-18	-1.7624293e-13	-0.002285198	0.002159827	-0.9993925	-1.02284154e-08	9.667277e-09	1
0	-0.0011807183	0.0011160586	0.0003152967	0	0	-0.025000023	-0.0011807183	0.0011160586	0.0003152967	-1.780433e-13	1.796758e-15	3.573492e-18	-1.7624293e-13	-0.002361426	0.0022321069	-0.9993694	-1.0569135e-08	9.990346e-09	1
0	-0.0012214921	0.0011547287	0.00032767348	0	0	-0.019999987	-0.0012214921	0.0011547287	0.00032767345	-1.7804329e-13	1.7967144e-15	3.581446e-18	-1.7624296e-13	-0.0024429734	0.002309447	-0.9993446	-1.0933618e-08	1.0336033e-08	1
0	-0.0012651621	0.0011961561	0.00034094835	0	0	-0.014999987	-0.0012651621	0.0011961561	0.00034094838	-1.7804322e-13	1.7966676e-15	3.5897447e-18	-1.7624293e-13	-0.0025303129	0.0023923013	-0.999318	-1.1323999e-08	1.0706371e-08	1
0	-0.001312049	0.0012406475	0.00035522113	0	0	-0.009999993	-0.0013120489	0.0012406475	0.00035522116	-1.780432e-13	1.7966172e-15	3.5984143e-18	-1.7624296e-13	-0.0026240863	0.0024812839	-0.9992895	-1.1743138e-08	1.1104089e-08	1
0	-0.0013625403	0.0012885724	0.00037060666	0	0	-0.0049999966	-0.0013625403	0.0012885724	0.00037060666	-1.7804317e-13	1.7965632e-15	3.6074835e-18	-1.7624299e-13	-0.0027250685	0.0025771335	-0.9992588	-1.2194496e-08	1.15325065e-08	1
0	-0.0014170989	0.0013403725	0.0003872417	0	0	9.887924e-17	-0.0014170989	0.0013403725	0.0003872417	-1.780431e-13	1.7965044e-15	3.6169837e-18	-1.7624297e-13	-0.002834185	0.002680733	-0.99922544	-1.2682212e-08	1.1995569e-08	1
0	-0.0014759877	0.0013962935	0.00040526327	0	0	0.0049999966	-0.0014759876	0.0013962935	0.00040526327	-1.7804307e-13	1.7964408e-15	3.626952e-18	-1.7624301e-13	-0.0029519624	0.0027925745	-0.9991895	-1.3208629e-08	1.2495461e-08	1
0	-0.0015404125	0.0014575097	0.00042489945	0	0	0.009999993	-0.0015404125	0.0014575098	0.00042489945	-1.7804298e-13	1.7963714e-15	3.637428e-18	-1.76243e-13	-0.0030808116	0.0029150066	-0.9991502	-1.3784549e-08	1.3042696e-08	1
0	-0.0016104836	0.0015241058	0.00044632063	0	0	0.014999987	-0.0016104835	0.0015241059	0.00044632063	-1.7804294e-13	1.7962956e-15	3.6484575e-18	-1.7624304e-13	-0.003220953	0.003048198	-0.99910736	-1.4410935e-08	1.3638022e-08	1
0	-0.0016872468	0.0015970924	0.0004697965	0	0	0.019999987	-0.0016872468	0.0015970925	0.0004697965	-1.7804284e-13	1.7962128e-15	3.660094e-18	-1.7624303e-13	-0.0033744785	0.0031941705	-0.99906045	-1.5097143e-08	1.4290476e-08	1
0	-0.001771712	0.0016774366	0.0004956408	0	0	0.025000023	-0.001771712	0.0016774368	0.0004956408	-1.7804275e-13	1.7961215e-15	3.6723957e-18	-1.7624303e-13	-0.0035434081	0.0033548586	-0.9990088	-1.5852208e-08	1.5008702e-08	1
0	-0.0018648678	0.001766075	0.0005242016	0	0	0.029999973	-0.0018648678	0.001766075	0.00052420155	-1.7804265e-13	1.7960207e-15	3.6854317e-18	-1.7624307e-13	-0.003729719	0.0035321345	-0.9989516	-1.6684949e-08	1.5801074e-08	1
0	-0.0019687945	0.0018650369	0.0005559841	0	0	0.035000023	-0.0019687947	0.0018650368	0.0005559841	-1.7804254e-13	1.795908e-15	3.6992803e-18	-1.7624307e-13	-0.0039375713	0.003730057	-0.998888	-1.761399e-08	1.6685727e-08	1
0	-0.0020847837	0.0019755133	0.0005915119	0	0	0.039999973	-0.0020847837	0.0019755133	0.0005915119	-1.7804244e-13	1.7957823e-15	3.7140372e-18	-1.7624308e-13	-0.0041695493	0.003951009	-0.99881697	-1.8650852e-08	1.7673317e-08	1
0	-0.0022151752	0.0020997892	0.00063147687	0	0	0.045000043	-0.0022151754	0.002099789	0.0006314768	-1.7804229e-13	1.795641e-15	3.7298058e-18	-1.7624311e-13	-0.004430331	0.00419956	-0.99873704	-1.9816468e-08	1.8784263e-08	1
0	-0.0023633328	0.0022411009	0.0006768125	0	0	0.050000045	-0.002363333	0.0022411009	0.0006768125	-1.7804215e-13	1.7954805e-15	3.7467183e-18	-1.7624313e-13	-0.0047266446	0.0044821817	-0.9986464	-2.1140895e-08	2.00475e-08	1
0	-0.0025317152	0.002401753	0.00072855985	0	0	0.05499994	-0.0025317152	0.002401753	0.00072855985	-1.7804195e-13	1.7952971e-15	3.7649283e-18	-1.7624315e-13	-0.005063408	0.0048034843	-0.9985429	-2.2646113e-08	2.1483611e-08	1
0	-0.002727124	0.0025883792	0.0007883756	0	0	0.059999947	-0.002727124	0.0025883794	0.00078837574	-1.7804174e-13	1.7950852e-15	3.784626e-18	-1.7624318e-13	-0.005454223	0.005176736	-0.9984233	-2.4392929e-08	2.3151935e-08	1
0	-0.0029550195	0.002806192	0.0008581698	0	0	0.065000035	-0.0029550195	0.002806192	0.00085816975	-1.7804149e-13	1.7948376e-15	3.806039e-18	-1.7624319e-13	-0.005910013	0.0056123594	-0.9982836	-2.6430168e-08	2.5099045e-08	1
0	-0.0032247608	0.0030641812	0.00094073196	0	0	0.070000045	-0.0032247608	0.0030641812	0.00094073196	-1.7804119e-13	1.794545e-15	3.8294682e-18	-1.7624323e-13	-0.0064494926	0.0061283354	-0.9981185	-2.8841463e-08	2.7405303e-08	1
0	-0.0035495202	0.0033750546	0.001039975	0	0	0.074999906	-0.00354952	0.0033750548	0.0010399751	-1.7804082e-13	1.794193e-15	3.855278e-18	-1.7624327e-13	-0.007099008	0.00675008	-0.99792004	-3.1744598e-08	3.018432e-08	1
0	-0.0039476976	0.003756573	0.0011615306	0	0	0.079999946	-0.0039476976	0.003756573	0.0011615306	-1.7804034e-13	1.7937623e-15	3.8839575e-18	-1.7624328e-13	-0.00789536	0.007513113	-0.9976769	-3.5304037e-08	3.3594855e-08	1
0	-0.004447915	0.0042363447	0.0013140182	0	0	0.08500003	-0.0044479156	0.0042363447	0.0013140182	-1.7803977e-13	1.793221e-15	3.9161584e-18	-1.7624335e-13	-0.00889579	0.008472651	-0.9973719	-3.977567e-08	3.7883716e-08	1
0	-0.005096463	0.0048586195	0.001511366	0	0	0.090000086	-0.005096463	0.0048586186	0.001511366	-1.7803898e-13	1.792521e-15	3.9528265e-18	-1.7624337e-13	-0.01019288	0.009717194	-0.9969773	-4.5573273e-08	4.3446477e-08	1
0	-0.005969316	0.005696537	0.0017770039	0	0	0.09500003	-0.005969316	0.005696537	0.0017770039	-1.7803794e-13	1.7915787e-15	3.9952906e-18	-1.7624343e-13	-0.011938579	0.011393023	-0.996446	-5.3376027e-08	5.093694e-08	1
0	-0.007216196	0.0068930835	0.0021561796	0	0	0.10000009	-0.0072161965	0.006893083	0.0021561799	-1.780364e-13	1.7902342e-15	4.0457577e-18	-1.7624349e-13	-0.01443233	0.013786104	-0.99568766	-6.4522354e-08	6.1633344e-08	1
0	-0.009162305	0.008756712	0.0027479923	0	0	0.10499983	-0.009162305	0.008756712	0.0027479923	-1.7803398e-13	1.7881384e-15	4.108081e-18	-1.7624357e-13	-0.018324528	0.017513346	-0.99450403	-8.191938e-08	7.82931e-08	1
0	-0.012823687	0.0122343805	0.0038525132	0	0	0.10999988	-0.012823686	0.0122343805	0.0038525132	-1.7802941e-13	1.7842385e-15	4.1910425e-18	-1.7624368e-13	-0.025647262	0.024468651	-0.992295	-1.14650284e-07	1.0938169e-07	1
0	-0.02130942	0.020012321	0.0067227893	0	0	0.11499984	-0.02130942	0.020012321	0.006722789	-1.7801745e-13	1.7742208e-15	4.326996e-18	-1.7624383e-13	-0.04261865	0.04002447	-0.98655444	-1.905063e-07	1.7891062e-07	1
0	-0.02324492	0.021779781	0.007718068	0	0	0.11999989	-0.02324492	0.021779781	0.007718068	-1.7801337e-13	1.7707894e-15	4.4031407e-18	-1.7624408e-13	-0.046489634	0.043559372	-0.9845638	-2.0779137e-07	1.946947e-07	1
0	-0.023686562	0.022186467	0.007969163	0	0	0.125	-0.023686562	0.022186467	0.007969163	-1.7801236e-13	1.7699265e-15	4.426156e-18	-1.7624433e-13	-0.04737291	0.04437273	-0.98406166	-2.1172058e-07	1.9831256e-07	1
0	-0.024229165	0.022689067	0.008295245	0	0	0.13000007	-0.024229165	0.022689067	0.008295245	-1.7801102e-13	1.7688078e-15	4.4572375e-18	-1.7624461e-13	-0.04845811	0.04537793	-0.9834095	-2.1655144e-07	2.0278709e-07	1
0	-0.024973646	0.023380578	0.008759685	0	0	0.13500017	-0.02497365	0.023380576	0.008759685	-1.7800912e-13	1.7672174e-15	4.5005e-18	-1.7624494e-13	-0.049947076	0.04676094	-0.98248065	-2.2318562e-07	2.0894907e-07	1
0	-0.025834205	0.024181064	0.009315253	0	0	0.14000009	-0.025834205	0.024181064	0.009315253	-1.7800689e-13	1.7653206e-15	4.5504926e-18	-1.7624533e-13	-0.05166817	0.04836191	-0.98136944	-2.3085585e-07	2.160838e-07	1
0	-0.026956493	0.025225831	0.010066498	0	0	0.14500023	-0.026956493	0.02522583	0.010066498	-1.7800382e-13	1.762765e-15	4.615207e-18	-1.7624575e-13	-0.053912748	0.050451435	-0.97986704	-2.408634e-07	2.2539999e-07	1
0	-0.028042333	0.026237203	0.010821937	0	0	0.14999981	-0.028042335	0.026237203	0.010821936	-1.7800076e-13	1.7602066e-15	4.6780856e-18	-1.7624622e-13	-0.05608442	0.052474175	-0.97835606	-2.505435e-07	2.3441616e-07	1
0	-0.029474523	0.027571687	0.011861108	0	0	0.15500008	-0.029474521	0.027571687	0.011861108	-1.779966e-13	1.7567058e-15	4.7613864e-18	-1.7624683e-13	-0.058948785	0.05514313	-0.9762778	-2.6331608e-07	2.4631728e-07	1
0	-0.03164735	0.02959621	0.013526516	0	0	0.15999989	-0.03164735	0.029596208	0.013526516	-1.7798992e-13	1.7511422e-15	4.88693e-18	-1.7624767e-13	-0.063294426	0.059192155	-0.97294694	-2.8270227e-07	2.6438022e-07	1
0	-0.033350304	0.031183159	0.014910476	0	0	0.1650002	-0.033350304	0.031183159	0.014910476	-1.7798442e-13	1.7465637e-15	4.9868817e-18	-1.7624853e-13	-0.06670031	0.06236604	-0.9701791	-2.9788825e-07	2.7853167e-07	1
0	-0.03670184	0.034307104	0.01784154	0	0	0.17000006	-0.036701836	0.034307104	0.01784154	-1.779729e-13	1.737007e-15	5.186749e-18	-1.7625003e-13	-0.07340335	0.0686139	-0.9643169	-3.2779514e-07	3.0640766e-07	1
0	0.00062825147	-0.0005153777	0.99973476	0	0	0.17499986	0.0006282515	-0.0005153777	0.99973476	-1.7804325e-13	1.7984102e-15	1.3287427e-18	-1.7735799e-13	0.0012564973	-0.0010307507	0.9994694	5.6145724e-09	-4.603676e-09	1
0	0.00057907356	-0.0005465088	0.9998641	0	0	0.18000017	0.0005790737	-0.0005465088	0.9998641	-1.7804375e-13	1.798784e-15	2.7812762e-19	-1.7739114e-13	0.001158142	-0.0010930127	0.99972814	5.173927e-09	-4.8829856e-09	1
0	0.0005697401	-0.00053770415	0.9998668	0	0	0.18499996	0.0005697401	-0.0005377041	0.9998668	-1.7804375e-13	1.7987935e-15	2.750818e-19	-1.7742299e-13	0.001139475	-0.0010754035	0.99973345	5.0903055e-09	-4.8040985e-09	1
0	0.0005607006	-0.0005291619	0.99986935	0	0	0.19000006	0.00056070054	-0.0005291619	0.99986935	-1.7804376e-13	1.7988024e-15	2.7210254e-19	-1.7745484e-13	0.001121396	-0.001058319	0.9997387	5.0093147e-09	-4.7275637e-09	1
0	0.00055194047	-0.0005208839	0.99987185	0	0	0.19499981	0.00055194047	-0.0005208839	0.99987185	-1.7804376e-13	1.7988115e-15	2.691884e-19	-1.7748669e-13	0.0011038759	-0.001041763	0.9997437	4.930829e-09	-4.653399e-09	1
0	0.0005352117	-0.000505078	0.9998767	0	0	0.20499994	0.0005352117	-0.000505078	0.9998766	-1.7804376e-13	1.798828e-15	2.6354745e-19	-1.7755038e-13	0.0010704186	-0.0010101515	0.9997533	4.780948e-09	-4.5117883e-09	1
0	0.00046476786	-0.00043853262	0.9998965	0	0	0.25499967	0.00046476792	-0.00043853262	0.9998965	-1.7804378e-13	1.7988974e-15	2.3859048e-19	-1.7786884e-13	0.00092953164	-0.00087706133	0.9997932	4.149814e-09	-3.91558e-09	1
0	0.00041070525	-0.00038747577	0.9999116	0	0	0.30500022	0.00041070525	-0.00038747577	0.99991167	-1.7804378e-13	1.7989502e-15	2.179586e-19	-1.7818731e-13	0.00082140684	-0.00077494804	0.9998233	3.6654466e-09	-3.4581369e-09	1
0	0.00036789553	-0.00034705602	0.9999233	0	0	0.3549996	0.00036789553	-0.00034705602	0.9999233	-1.7804376e-13	1.7989906e-15	2.0057744e-19	-1.7850578e-13	0.0007357878	-0.00069410895	0.99984664	3.2819023e-09	-3.0960077e-09	1
0	0.0003331614	-0.0003142666	0.9999326	0	0	0.40499973	0.00033316138	-0.0003142666	0.9999326	-1.7804376e-13	1.799023e-15	1.8571108e-19	-1.7882427e-13	0.00066631986	-0.0006285304	0.9998651	2.970705e-09	-2.8022358e-09	1
0	0.0003044208	-0.0002871385	0.99994016	0	0	0.45500082	0.0003044208	-0.0002871385	0.9999402	-1.7804376e-13	1.7990495e-15	1.7283594e-19	-1.7914277e-13	0.00060883886	-0.0005742745	0.9998803	2.7132117e-09	-2.5591875e-09	1
0	0.00028023872	-0.00026431592	0.99994636	0	0	0.5050003	0.00028023872	-0.00026431592	0.99994636	-1.7804376e-13	1.7990709e-15	1.6156788e-19	-1.7946126e-13	0.000560475	-0.00052862946	0.9998928	2.4965563e-09	-2.354716e-09	1
0	0.00025961222	-0.00024485076	0.99995166	0	0	0.55500025	0.00025961222	-0.0002448508	0.99995166	-1.7804375e-13	1.7990893e-15	1.5161789e-19	-1.7977975e-13	0.0005192221	-0.00048969936	0.99990326	2.3117632e-09	-2.1803246e-09	1
0	0.00024181671	-0.00022805817	0.9999561	0	0	0.60500026	0.00024181673	-0.0002280582	0.9999561	-1.7804375e-13	1.7991045e-15	1.427638e-19	-1.8009825e-13	0.00048363127	-0.00045611433	0.99991226	2.1523325e-09	-2.0298767e-09	1
0	0.00022630229	-0.00021341907	0.99995995	0	0	0.6549993	0.00022630228	-0.00021341906	0.9999598	-1.7804374e-13	1.7991177e-15	1.3483173e-19	-1.8041673e-13	0.00045260257	-0.0004268362	0.9999199	2.0133397e-09	-1.8987265e-09	1
0	0.0002126569	-0.00020054425	0.99996316	0	0	0.70500124	0.00021265689	-0.00020054425	0.9999632	-1.7804371e-13	1.799129e-15	1.2768343e-19	-1.807352e-13	0.00042531188	-0.00040108676	0.9999263	1.8910895e-09	-1.7833772e-09	1
0	0.00020056189	-0.00018913286	0.9999661	0	0	0.7549992	0.0002005619	-0.00018913286	0.9999661	-1.7804371e-13	1.7991388e-15	1.212074e-19	-1.8105371e-13	0.00040112197	-0.00037826406	0.99993205	1.7827293e-09	-1.6811444e-09	1
0	0.00018976865	-0.00017895001	0.99996865	0	0	0.80500025	0.00018976866	-0.00017895001	0.99996865	-1.7804368e-13	1.7991475e-15	1.1531262e-19	-1.8137218e-13	0.00037953563	-0.00035789845	0.99993724	1.6860344e-09	-1.58992e-09	1
0	0.00018007771	-0.00016980745	0.9999708	0	0	0.85500133	0.00018007771	-0.00016980743	0.99997085	-1.7804367e-13	1.7991552e-15	1.0992419e-19	-1.8169067e-13	0.0003601538	-0.00033961335	0.9999416	1.5992152e-09	-1.5080117e-09	1
0	0.00017132782	-0.00016155298	0.9999728	0	0	0.9049992	0.00017132782	-0.00016155299	0.99997276	-1.7804367e-13	1.7991621e-15	1.0497952e-19	-1.8200918e-13	0.00034265406	-0.00032310453	0.99994564	1.5208299e-09	-1.4340635e-09	1
0	0.000163389	-0.00015406385	0.9999746	0	0	0.95500135	0.000163389	-0.00015406386	0.9999746	-1.7804366e-13	1.799168e-15	1.00426143e-19	-1.8232768e-13	0.0003267766	-0.00030812633	0.99994916	1.4497077e-09	-1.3669709e-09	1
