# t (s)	mx ()	my ()	mz ()	B_extx (T)	B_exty (T)	B_extz (T)	mx ()	my ()	mz ()	E_anis (J)	E_demag (J)	E_exch (J)	E_total (J)	m_zrange1_x ()	m_zrange1_y ()	m_zrange1_z ()	m_zrange0_x ()	m_zrange0_y ()	m_zrange0_z ()
0	0	0	1	0	0	1	0	0	1	-1.7804318e-13	2.221299e-15	-0	-1.8289977e-13	0	0	1	0	0	1
0	0.00016963824	-0.000159958	0.9999734	0	0	0.94999886	0.00016963825	-0.00015995801	0.9999734	-1.7804366e-13	2.2211906e-15	1.01751074e-19	-1.8254617e-13	0.00033929906	-0.00031993727	0.9999468	-2.2545642e-08	2.1259089e-08	1
0	0.00017921759	-0.00016899503	0.9999713	0	0	0.900001	0.0001792176	-0.00016899503	0.9999713	-1.7804367e-13	2.221181e-15	1.0699583e-19	-1.8219229e-13	0.00035845904	-0.00033801247	0.9999425	-2.3830651e-08	2.2471342e-08	1
0	0.0001899444	-0.0001791148	0.9999688	0	0	0.849999	0.00018994439	-0.0001791148	0.9999689	-1.7804368e-13	2.2211707e-15	1.1275775e-19	-1.8183842e-13	0.00037991404	-0.00035825343	0.99993765	-2.5269602e-08	2.3828859e-08	1
0	0.000202036	-0.00019052265	0.99996597	0	0	0.8000007	0.000202036	-0.00019052265	0.9999661	-1.7804371e-13	2.2211588e-15	1.191172e-19	-1.8148455e-13	0.00040409892	-0.00038107068	0.999932	-2.6891646e-08	2.5359176e-08	1
0	0.00021576934	-0.0002034801	0.9999628	0	0	0.75	0.00021576932	-0.0002034801	0.9999628	-1.7804371e-13	2.2211453e-15	1.2617246e-19	-1.8113065e-13	0.0004315674	-0.00040698732	0.9999256	-2.8733941e-08	2.709738e-08	1
0	0.00023150492	-0.00021832749	0.999959	0	0	0.69999945	0.00023150492	-0.00021832749	0.999959	-1.7804374e-13	2.221129e-15	1.3404519e-19	-1.8077681e-13	0.00046304063	-0.00043668406	0.999918	-3.0844845e-08	2.9089128e-08	1
0	0.00024971907	-0.0002355145	0.9999546	0	0	0.6500008	0.00024971907	-0.0002355145	0.9999545	-1.7804375e-13	2.2211103e-15	1.4288785e-19	-1.8042291e-13	0.00049947144	-0.0004710604	0.9999091	-3.3288266e-08	3.1394755e-08	1
0	0.0002710395	-0.00025563428	0.9999492	0	0	0.59999925	0.0002710395	-0.00025563428	0.9999492	-1.7804375e-13	2.2210873e-15	1.528946e-19	-1.8006904e-13	0.00054211507	-0.0005113026	0.9998985	-3.6148414e-08	3.409383e-08	1
0	0.00029633506	-0.00027950777	0.9999428	0	0	0.5499998	0.00029633506	-0.00027950783	0.9999429	-1.7804376e-13	2.22106e-15	1.6431692e-19	-1.7971516e-13	0.00059270964	-0.0005590529	0.9998857	-3.954185e-08	3.7296488e-08	1
0	0.00032683648	-0.0003082978	0.9999349	0	0	0.5	0.00032683648	-0.0003082978	0.9999349	-1.7804376e-13	2.2210263e-15	1.7748716e-19	-1.7936127e-13	0.0006537166	-0.00061663677	0.99986994	-4.3633687e-08	4.115872e-08	1
0	0.00036432873	-0.00034369205	0.99992514	0	0	0.4500005	0.00036432876	-0.00034369205	0.99992514	-1.7804376e-13	2.2209835e-15	1.9285567e-19	-1.790074e-13	0.00072870625	-0.0006874299	0.9998503	-4.8663395e-08	4.590695e-08	1
0	0.0004115244	-0.00038825616	0.99991244	0	0	0.40000036	0.0004115244	-0.0003882561	0.9999125	-1.7804376e-13	2.2209295e-15	2.1105003e-19	-1.7865353e-13	0.0008231038	-0.0007765642	0.9998249	-5.4994867e-08	5.188538e-08	1
0	0.00047275436	-0.00044608797	0.9998957	0	0	0.34999973	0.00047275436	-0.00044608797	0.99989575	-1.7804376e-13	2.2208575e-15	2.3297663e-19	-1.7829968e-13	0.0009455719	-0.00089223555	0.9997914	-6.320915e-08	5.9643774e-08	1
0	0.000555338	-0.0005241236	0.99987274	0	0	0.29999962	0.000555338	-0.00052412355	0.9998727	-1.7804376e-13	2.2207578e-15	2.6000422e-19	-1.7794585e-13	0.0011107503	-0.0010483174	0.9997453	-7.4288145e-08	7.011262e-08	1
0	0.0006728077	-0.00063519826	0.99983925	0	0	0.25	0.0006728077	-0.00063519826	0.9998392	-1.7804368e-13	2.2206133e-15	2.943218e-19	-1.7759196e-13	0.0013457054	-0.0012704815	0.9996785	-9.004736e-08	8.5013866e-08	1
0	0.0008766307	-0.0008281537	0.99978006	0	0	0.19499981	0.00087663066	-0.0008281537	0.99978	-1.7804357e-13	2.2203565e-15	3.4509065e-19	-1.7720275e-13	0.0017533787	-0.0016564183	0.9995601	-1.1739148e-07	1.1089995e-07	1
0	0.00090145227	-0.0008516662	0.9997728	0	0	0.19000006	0.00090145227	-0.0008516662	0.9997728	-1.7804355e-13	2.220325e-15	3.5065698e-19	-1.7716736e-13	0.0018030251	-0.0017034464	0.9995455	-1.2072145e-07	1.140543e-07	1
0	0.0009277061	-0.00087654626	0.99976516	0	0	0.18499996	0.0009277061	-0.00087654626	0.99976516	-1.7804353e-13	2.2202915e-15	3.5642192e-19	-1.7713199e-13	0.0018555364	-0.0017532099	0.9995302	-1.2424358e-07	1.1739212e-07	1
0	0.00095552066	-0.00090291287	0.99975693	0	0	0.18000017	0.00095552066	-0.00090291287	0.9997569	-1.7804352e-13	2.2202559e-15	3.6239698e-19	-1.7709662e-13	0.0019111694	-0.0018059467	0.99951386	-1.2797508e-07	1.2092936e-07	1
0	0.0009850651	-0.0009309252	0.99974823	0	0	0.17499986	0.0009850651	-0.0009309252	0.99974823	-1.7804349e-13	2.2202178e-15	3.685952e-19	-1.7706125e-13	0.001970262	-0.0018619752	0.9994964	-1.3193865e-07	1.2468739e-07	1
0	0.0010164828	-0.0009607216	0.99973893	0	0	0.17000006	0.0010164828	-0.0009607216	0.99973893	-1.7804345e-13	2.2201775e-15	3.7503035e-19	-1.7702582e-13	0.0020331019	-0.0019215718	0.99947786	-1.3615357e-07	1.2868476e-07	1
0	0.0010499657	-0.0009924851	0.99972904	0	0	0.1650002	0.0010499657	-0.0009924851	0.999729	-1.7804344e-13	2.2201346e-15	3.8171803e-19	-1.7699046e-13	0.002100072	-0.0019851031	0.99945813	-1.4064551e-07	1.3294604e-07	1
0	0.0010857235	-0.0010264169	0.9997184	0	0	0.15999989	0.0010857236	-0.0010264168	0.9997184	-1.7804341e-13	2.2200884e-15	3.8867464e-19	-1.7695508e-13	0.0021715926	-0.0020529712	0.999437	-1.4544267e-07	1.374982e-07	1
0	0.0011239995	-0.0010627498	0.9997072	0	0	0.15500008	0.0011239994	-0.0010627497	0.9997071	-1.780434e-13	2.2200393e-15	3.9591917e-19	-1.7691972e-13	0.0022481496	-0.0021256418	0.9994144	-1.5057765e-07	1.4237247e-07	1
0	0.001164965	-0.0011016469	0.99969506	0	0	0.14999981	0.001164965	-0.0011016469	0.99969506	-1.7804334e-13	2.2199867e-15	4.0347148e-19	-1.7688432e-13	0.0023300862	-0.0022034415	0.99938995	-1.5607344e-07	1.4759078e-07	1
0	0.0012092143	-0.001143682	0.99968183	0	0	0.14500023	0.0012092143	-0.001143682	0.99968183	-1.780433e-13	2.2199291e-15	4.1135327e-19	-1.7684893e-13	0.0024185907	-0.0022875173	0.9993638	-1.6200983e-07	1.5323008e-07	1
0	0.0012567622	-0.0011888639	0.99966776	0	0	0.14000009	0.0012567623	-0.0011888639	0.99966776	-1.7804326e-13	2.2198677e-15	4.1959047e-19	-1.7681357e-13	0.002513693	-0.0023778873	0.9993355	-1.6838868e-07	1.5929153e-07	1
0	0.0013083867	-0.0012379461	0.9996524	0	0	0.13500017	0.0013083868	-0.0012379461	0.9996524	-1.7804322e-13	2.2198006e-15	4.2820912e-19	-1.7677817e-13	0.0026169487	-0.002476058	0.9993049	-1.7531447e-07	1.6587624e-07	1
0	0.0013642814	-0.0012911111	0.9996359	0	0	0.13000007	0.0013642814	-0.0012911112	0.9996359	-1.7804318e-13	2.2197278e-15	4.372409e-19	-1.767428e-13	0.002728746	-0.0025823954	0.99927163	-1.8281315e-07	1.7300869e-07	1
0	0.0014251666	-0.0013490546	0.99961764	0	0	0.125	0.0014251666	-0.0013490546	0.99961764	-1.7804313e-13	2.2196492e-15	4.467188e-19	-1.7670743e-13	0.0028505246	-0.00269829	0.9992354	-1.9098135e-07	1.8078218e-07	1
0	0.0014917402	-0.0014124471	0.99959785	0	0	0.11999989	0.0014917402	-0.0014124471	0.99959785	-1.7804307e-13	2.2195624e-15	4.5668187e-19	-1.7667206e-13	0.0029836805	-0.0028250837	0.9991956	-1.9991266e-07	1.892867e-07	1
0	0.0015647277	-0.0014819893	0.999576	0	0	0.11499984	0.0015647277	-0.0014819893	0.999576	-1.7804296e-13	2.2194673e-15	4.671724e-19	-1.7663665e-13	0.0031296655	-0.0029641774	0.999152	-2.097045e-07	1.9861628e-07	1
0	0.0016451197	-0.0015586219	0.9995519	0	0	0.10999988	0.0016451197	-0.0015586219	0.9995519	-1.7804291e-13	2.2193625e-15	4.782412e-19	-1.7660129e-13	0.0032904597	-0.0031174521	0.99910396	-2.204896e-07	2.08897e-07	1
0	0.001734616	-0.0016440467	0.99952525	0	0	0.10499983	0.0017346159	-0.0016440467	0.99952525	-1.7804283e-13	2.2192456e-15	4.899377e-19	-1.7656592e-13	0.0034694641	-0.0032883137	0.9990506	-2.3249618e-07	2.2035736e-07	1
0	0.0018340144	-0.0017389897	0.99949557	0	0	0.10000009	0.0018340144	-0.0017389897	0.99949557	-1.7804273e-13	2.2191156e-15	5.0232874e-19	-1.7653054e-13	0.0036682745	-0.0034782123	0.99899113	-2.4583125e-07	2.3309462e-07	1
0	0.0019454196	-0.0018454684	0.9994622	0	0	0.09500003	0.0019454196	-0.0018454684	0.9994622	-1.7804261e-13	2.2189697e-15	5.154897e-19	-1.7649517e-13	0.0038911002	-0.003691184	0.9989244	-2.6077706e-07	2.473795e-07	1
0	0.002071557	-0.0019661936	0.9994245	0	0	0.090000086	0.0020715569	-0.0019661933	0.9994245	-1.780425e-13	2.2188051e-15	5.294983e-19	-1.7645981e-13	0.0041433913	-0.00393265	0.99884903	-2.7769937e-07	2.635756e-07	1
0	0.0022147228	-0.0021033895	0.9993817	0	0	0.08500003	0.0022147228	-0.0021033892	0.99938166	-1.7804231e-13	2.2186175e-15	5.444516e-19	-1.764244e-13	0.0044297427	-0.0042070607	0.9987633	-2.9690614e-07	2.8198136e-07	1
0	0.002379222	-0.0022612177	0.99933255	0	0	0.079999946	0.0023792223	-0.0022612177	0.9993325	-1.7804216e-13	2.2184022e-15	5.6046594e-19	-1.7638905e-13	0.0047587636	-0.0045227385	0.998665	-3.1897497e-07	3.0315513e-07	1
0	0.0025700396	-0.0024446254	0.9992754	0	0	0.074999906	0.0025700394	-0.0024446254	0.9992754	-1.7804195e-13	2.218152e-15	5.7766727e-19	-1.7635368e-13	0.0051404233	-0.004889578	0.9985508	-3.4457452e-07	3.2776057e-07	1
0	0.0027926432	-0.0026588857	0.99920857	0	0	0.070000045	0.002792643	-0.0026588857	0.9992086	-1.7804173e-13	2.217859e-15	5.9621597e-19	-1.7631831e-13	0.00558566	-0.0053181276	0.99841714	-3.744385e-07	3.5650507e-07	1
0	0.0030586792	-0.002915591	0.99912894	0	0	0.065000035	0.003058679	-0.002915591	0.99912894	-1.7804142e-13	2.2175102e-15	6.162892e-19	-1.7628298e-13	0.0061177677	-0.0058315727	0.9982579	-4.1012927e-07	3.909439e-07	1
0	0.0033811412	-0.0032276285	0.99903256	0	0	0.059999947	0.0033811412	-0.003227629	0.99903256	-1.7804105e-13	2.2170874e-15	6.3809984e-19	-1.762476e-13	0.006762736	-0.0064556906	0.99806505	-4.5339016e-07	4.3280613e-07	1
0	0.003775858	-0.0036104273	0.9989139	0	0	0.05499994	0.0037758579	-0.0036104273	0.9989139	-1.7804063e-13	2.2165669e-15	6.6192104e-19	-1.7621226e-13	0.0075522223	-0.0072213383	0.99782777	-5.0634446e-07	4.8416126e-07	1
0	0.0042782756	-0.0040997397	0.9987635	0	0	0.050000045	0.0042782756	-0.0040997397	0.9987635	-1.7804004e-13	2.215907e-15	6.8801306e-19	-1.761769e-13	0.008557125	-0.008200029	0.997527	-5.7374774e-07	5.498061e-07	1
0	0.004935242	-0.0047423486	0.99856704	0	0	0.045000043	0.004935242	-0.0047423486	0.99856704	-1.7803926e-13	2.2150447e-15	7.167032e-19	-1.7614154e-13	0.009871146	-0.009485333	0.99713403	-6.6188505e-07	6.360168e-07	1
0	0.005820295	-0.005612488	0.9983004	0	0	0.039999973	0.005820295	-0.005612488	0.9983004	-1.7803821e-13	2.2138746e-15	7.482832e-19	-1.7610623e-13	0.01164137	-0.01122573	0.9966006	-7.8062175e-07	7.527525e-07	1
0	0.007091128	-0.0068705473	0.99791634	0	0	0.035000023	0.007091128	-0.0068705473	0.99791634	-1.7803666e-13	2.2121896e-15	7.8273796e-19	-1.760709e-13	0.0141832065	-0.013742016	0.9958326	-9.511142e-07	9.215304e-07	1
0	0.009064298	-0.008840739	0.99731576	0	0	0.029999973	0.009064298	-0.008840739	0.9973158	-1.7803421e-13	2.2095583e-15	8.1902104e-19	-1.7603558e-13	0.018129813	-0.017682664	0.99463165	-1.2158307e-06	1.1858466e-06	1
0	0.012524167	-0.012333949	0.9962454	0	0	0.025000023	0.012524166	-0.01233395	0.9962454	-1.7802976e-13	2.204875e-15	8.51655e-19	-1.7600031e-13	0.025050012	-0.024669554	0.9924908	-1.6799995e-06	1.6544877e-06	1
0	0.019974612	-0.019958908	0.9938241	0	0	0.019999987	0.019974612	-0.019958908	0.99382406	-1.780196e-13	2.1943303e-15	8.5172725e-19	-1.759651e-13	0.039951906	-0.039920494	0.98764825	-2.6795362e-06	2.6774355e-06	1
0	0.04375211	-0.04456678	0.9844681	0	0	0.014999987	0.04375211	-0.04456678	0.9844681	-1.7798035e-13	2.1542242e-15	5.738198e-19	-1.7593008e-13	0.08751009	-0.089139536	0.9689362	-5.8694736e-06	5.9787794e-06	1
0	0.058905836	-0.06016001	0.97462475	0	0	0.009999993	0.058905836	-0.06016001	0.97462475	-1.7794011e-13	2.1132494e-15	3.0125556e-19	-1.7589555e-13	0.117819585	-0.1203281	0.9492493	-7.90249e-06	8.070768e-06	1
0	0.059762727	-0.061039235	0.9739524	0	0	0.0049999966	0.059762727	-0.06103923	0.97395235	-1.7793743e-13	2.110498e-15	2.913082e-19	-1.758611e-13	0.11953347	-0.12208666	0.9479046	-8.017484e-06	8.188758e-06	1
0	0.060874365	-0.062177993	0.97302693	0	0	-9.887924e-17	0.06087436	-0.06217799	0.97302693	-1.7793373e-13	2.1067232e-15	2.8055526e-19	-1.7582672e-13	0.1217569	-0.12436432	0.94605386	-8.166657e-06	8.341572e-06	1
0	0.062364604	-0.06370339	0.97173536	0	0	-0.0049999966	0.0623646	-0.06370339	0.97173536	-1.7792857e-13	2.1014741e-15	2.6570052e-19	-1.7579243e-13	0.12473758	-0.12741533	0.9434708	-8.366629e-06	8.546262e-06	1
0	0.06433166	-0.065715864	0.96996415	0	0	-0.009999993	0.06433165	-0.06571586	0.96996415	-1.7792155e-13	2.094311e-15	2.436793e-19	-1.7575833e-13	0.12867194	-0.13144052	0.9399283	-8.630578e-06	8.816308e-06	1
0	0.06717998	-0.0686288	0.9672831	0	0	-0.014999987	0.06717997	-0.0686288	0.9672831	-1.7791099e-13	2.083544e-15	2.0591785e-19	-1.7572455e-13	0.13436896	-0.1372668	0.93456614	-9.012774e-06	9.207177e-06	1
0	0.07240112	-0.07396578	0.9620367	0	0	-0.019999987	0.07240113	-0.07396578	0.9620366	-1.7789054e-13	2.0627347e-15	1.1723976e-19	-1.756915e-13	0.14481197	-0.1479415	0.92407346	-9.713349e-06	9.923304e-06	1
0	0.0059186374	-0.016005173	0.0075626518	0	0	-0.025000023	0.0059186374	-0.016005173	0.007562652	-1.7802193e-13	2.1956557e-15	-4.176052e-17	-1.7586669e-13	0.011838069	-0.032012496	-0.9848747	-7.9463655e-07	2.148413e-06	1
0	0.0054604374	-0.015249241	0.0072833914	0	0	-0.029999973	0.0054604374	-0.015249242	0.0072833914	-1.7802287e-13	2.196606e-15	-4.1802303e-17	-1.7586651e-13	0.010921607	-0.030500531	-0.9854332	-7.332092e-07	2.0471532e-06	1
0	0.005072667	-0.014577751	0.007010079	0	0	-0.035000023	0.005072667	-0.01457775	0.007010079	-1.7802375e-13	2.1975133e-15	-4.1859273e-17	-1.7586636e-13	0.010146015	-0.02915746	-0.9859798	-6.8122483e-07	1.9572087e-06	1
0	0.0048741	-0.014222985	0.0068417564	0	0	-0.039999973	0.0048741	-0.014222986	0.006841756	-1.7802426e-13	2.1980473e-15	-4.2093656e-17	-1.7586636e-13	0.009748855	-0.02844788	-0.98631644	-6.5464155e-07	1.9097552e-06	1
0	0.0012707608	-0.0076120985	0.00433423	0	0	-0.045000043	0.0012707608	-0.007612099	0.00433423	-1.7803229e-13	2.2062847e-15	-4.324706e-17	-1.7586787e-13	0.002541692	-0.0152252205	-0.9913315	-1.7087112e-07	1.022251e-06	1
0	0.0009857663	-0.0070929145	0.004142171	0	0	-0.050000045	0.0009857663	-0.007092914	0.004142171	-1.7803287e-13	2.2068948e-15	-4.3293747e-17	-1.758678e-13	0.0019716653	-0.014186783	-0.9917156	-1.3261908e-07	9.526261e-07	1
0	0.0007811695	-0.006704081	0.003981101	0	0	-0.05499994	0.0007811695	-0.006704081	0.003981101	-1.7803334e-13	2.2073967e-15	-4.33512e-17	-1.7586774e-13	0.001562444	-0.013409064	-0.9920379	-1.0515494e-07	9.0049497e-07	1
0	0.0006953876	-0.0065313126	0.003893035	0	0	-0.059999947	0.0006953876	-0.0065313126	0.003893035	-1.7803357e-13	2.207656e-15	-4.3533894e-17	-1.7586781e-13	0.0013908689	-0.013063502	-0.9922139	-9.3636174e-08	8.77377e-07	1
0	-0.0004469385	-0.0043411492	0.002916485	0	0	-0.065000035	-0.0004469385	-0.0043411497	0.002916485	-1.7803655e-13	2.210798e-15	-4.4666764e-17	-1.7586908e-13	-0.0008939367	-0.0086828815	-0.9941671	5.976326e-08	5.832027e-07	1
0	-0.0006846212	-0.0039330907	0.0027303249	0	0	-0.070000045	-0.0006846212	-0.0039330907	0.0027303249	-1.7803707e-13	2.2113398e-15	-4.4767706e-17	-1.7586914e-13	-0.0013693341	-0.00786671	-0.9945394	9.168879e-08	5.284167e-07	1
0	-0.0010187314	-0.0033972492	0.0024367115	0	0	-0.074999906	-0.0010187314	-0.0033972492	0.0024367115	-1.7803776e-13	2.2121045e-15	-4.4980355e-17	-1.7586934e-13	-0.0020375992	-0.006794955	-0.99512655	1.365672e-07	4.5643225e-07	1
0	-0.001235011	-0.0030800863	0.0022098394	0	0	-0.079999946	-0.001235011	-0.0030800863	0.0022098394	-1.780382e-13	2.2125928e-15	-4.5197837e-17	-1.7586956e-13	-0.0024701878	-0.0061605866	-0.9955803	1.6562801e-07	4.138319e-07	1
0	-0.0014431659	-0.002773783	0.001928302	0	0	-0.08500003	-0.0014431659	-0.002773783	0.001928302	-1.7803864e-13	2.2131035e-15	-4.551322e-17	-1.7586988e-13	-0.0028865254	-0.005547938	-0.99614334	1.9361303e-07	3.7270473e-07	1
0	-0.0017573526	0.0016652559	0.00048147404	0	0	-0.090000086	-0.0017573526	0.0016652558	0.00048147404	-1.7804282e-13	2.2174937e-15	-4.664768e-17	-1.7587166e-13	-0.003514941	0.0033307353	-0.999037	2.3597332e-07	-2.2360621e-07	1
0	-0.0016664366	0.001578945	0.0004541636	0	0	-0.09500003	-0.0016664364	0.0015789451	0.0004541636	-1.7804288e-13	2.217613e-15	-4.666211e-17	-1.7587165e-13	-0.0033330966	0.0031581023	-0.9990917	2.237766e-07	-2.1202735e-07	1
0	-0.0015835956	0.001499933	0.00042950275	0	0	-0.10000009	-0.0015835956	0.001499933	0.00042950278	-1.7804296e-13	2.2177203e-15	-4.6675648e-17	-1.7587162e-13	-0.0031674039	0.003000067	-0.99914104	2.1266302e-07	-2.0142735e-07	1
0	-0.0015088234	0.0014286852	0.0004071941	0	0	-0.10499983	-0.0015088232	0.0014286854	0.00040719408	-1.7804305e-13	2.217818e-15	-4.6688377e-17	-1.758716e-13	-0.003017849	0.0028575622	-0.99918556	2.0263197e-07	-1.9186912e-07	1
0	-0.0014407325	0.0013638434	0.00038690586	0	0	-0.10999988	-0.0014407325	0.0013638432	0.0003869059	-1.7804309e-13	2.2179064e-15	-4.6700374e-17	-1.7587158e-13	-0.0028816583	0.0027278704	-0.9992262	1.9349723e-07	-1.8317024e-07	1
0	-0.0013785241	0.0013046403	0.0003683787	0	0	-0.11499984	-0.001378524	0.0013046404	0.0003683787	-1.7804317e-13	2.2179873e-15	-4.671171e-17	-1.7587159e-13	-0.0027572333	0.002609456	-0.99926317	1.8515166e-07	-1.7522783e-07	1
0	-0.0013214396	0.0012503406	0.00035139394	0	0	-0.11999989	-0.0013214396	0.0012503406	0.00035139394	-1.780432e-13	2.2180612e-15	-4.672245e-17	-1.7587157e-13	-0.0026430567	0.0025008493	-0.99929714	1.774935e-07	-1.6794323e-07	1
0	-0.0012689448	0.0012004327	0.00033577584	0	0	-0.125	-0.0012689448	0.0012004327	0.00033577584	-1.7804325e-13	2.2181294e-15	-4.6732634e-17	-1.7587157e-13	-0.0025380598	0.0024010264	-0.99932843	1.7045107e-07	-1.6124784e-07	1
0	-0.001220349	0.00115425	0.00032135827	0	0	-0.13000007	-0.001220349	0.0011542501	0.00032135824	-1.7804329e-13	2.2181923e-15	-4.6742322e-17	-1.7587155e-13	-0.002440862	0.0023086553	-0.99935734	1.639317e-07	-1.5505218e-07	1
0	-0.0011753804	0.0011115331	0.00030801888	0	0	-0.13500017	-0.0011753804	0.001111533	0.00030801888	-1.7804334e-13	2.2182503e-15	-4.6751543e-17	-1.7587155e-13	-0.0023509185	0.0022232155	-0.999384	1.5789894e-07	-1.4932147e-07	1
0	-0.0011336041	0.0010718631	0.0002956371	0	0	-0.14000009	-0.0011336041	0.0010718631	0.0002956371	-1.7804337e-13	2.2183043e-15	-4.6760345e-17	-1.7587152e-13	-0.0022673605	0.00214387	-0.9994087	1.5229442e-07	-1.4399951e-07	1
0	-0.0010946828	0.0010349175	0.00028411925	0	0	-0.14500023	-0.0010946828	0.0010349175	0.00028411922	-1.7804341e-13	2.2183543e-15	-4.6768746e-17	-1.7587154e-13	-0.0021895128	0.0020699743	-0.9994317	1.4707294e-07	-1.3904308e-07	1
0	-0.0010583495	0.0010004397	0.00027337857	0	0	-0.14999981	-0.0010583495	0.0010004397	0.00027337857	-1.7804343e-13	2.2184009e-15	-4.677678e-17	-1.7587151e-13	-0.0021168413	0.0020010138	-0.99945325	1.4219867e-07	-1.3441768e-07	1
0	-0.0010243324	0.00096816884	0.00026333865	0	0	-0.15500008	-0.0010243322	0.0009681689	0.00026333865	-1.7804345e-13	2.2184445e-15	-4.6784475e-17	-1.758715e-13	-0.0020488023	0.0019364678	-0.9994733	1.3763507e-07	-1.3008838e-07	1
0	-0.0009924342	0.00093791715	0.00025393433	0	0	-0.15999989	-0.0009924342	0.00093791715	0.00025393433	-1.780435e-13	2.2184854e-15	-4.6791864e-17	-1.758715e-13	-0.0019850016	0.0018759604	-0.99949217	1.3335578e-07	-1.2602996e-07	1
0	-0.0009624565	0.0009094937	0.0002451097	0	0	-0.1650002	-0.0009624565	0.00090949365	0.00024510972	-1.7804352e-13	2.218524e-15	-4.679894e-17	-1.7587151e-13	-0.0019250424	0.0018191097	-0.99950975	1.2933413e-07	-1.222168e-07	1
0	-0.00093423587	0.0008827424	0.00023681406	0	0	-0.17000006	-0.00093423587	0.0008827424	0.00023681406	-1.7804353e-13	2.21856e-15	-4.6805754e-17	-1.758715e-13	-0.0018685972	0.0017656037	-0.9995264	1.2554817e-07	-1.1862796e-07	1
0	-0.0009076162	0.0008575142	0.0002290034	0	0	-0.17499986	-0.0009076162	0.00085751433	0.0002290034	-1.7804355e-13	2.2185938e-15	-4.6812305e-17	-1.7587148e-13	-0.0018153543	0.0017151437	-0.999542	1.2197702e-07	-1.1524346e-07	1
0	-0.00088246964	0.00083368784	0.00022163456	0	0	-0.18000017	-0.00088246964	0.00083368784	0.00022163457	-1.7804356e-13	2.2186258e-15	-4.681861e-17	-1.7587147e-13	-0.001765058	0.0016674877	-0.9995568	1.1860348e-07	-1.1204704e-07	1
0	-0.00085868	0.00081114995	0.00021467218	0	0	-0.18499996	-0.00085868	0.00081114995	0.0002146722	-1.7804359e-13	2.218656e-15	-4.682469e-17	-1.7587148e-13	-0.0017174752	0.0016224089	-0.9995707	1.1541198e-07	-1.09023446e-07	1
0	-0.00083613105	0.0007897922	0.00020808888	0	0	-0.19000006	-0.00083613105	0.0007897922	0.00020808888	-1.7804362e-13	2.2186842e-15	-4.6830562e-17	-1.7587148e-13	-0.0016723746	0.0015796906	-0.99958384	1.1238692e-07	-1.06158204e-07	1
0	-0.00081473606	0.0007695314	0.00020185023	0	0	-0.19499981	-0.00081473606	0.00076953135	0.00020185023	-1.7804362e-13	2.2187117e-15	-4.683622e-17	-1.7587148e-13	-0.0016295817	0.0015391663	-0.99959636	1.0951668e-07	-1.034401e-07	1
0	-0.0007750713	0.00073197595	0.00019031037	0	0	-0.20499994	-0.00077507127	0.00073197595	0.00019031037	-1.7804366e-13	2.2187617e-15	-4.6846977e-17	-1.7587146e-13	-0.0015502467	0.0014640503	-0.99961936	1.0419544e-07	-9.8401856e-08	1
0	-0.0006232603	0.00058834365	0.0001465943	0	0	-0.25499967	-0.0006232603	0.00058834365	0.00014659429	-1.7804372e-13	2.218951e-15	-4.6891724e-17	-1.7587142e-13	-0.0012466043	0.0011767666	-0.99970675	8.382924e-08	-7.913282e-08	1
0	-0.00052111514	0.0004917878	0.00011773541	0	0	-0.30500022	-0.0005211152	0.00049178774	0.00011773541	-1.7804376e-13	2.2190758e-15	-4.6925688e-17	-1.7587136e-13	-0.0010423006	0.0009836417	-0.9997645	7.012598e-08	-6.617935e-08	1
0	-0.00044770943	0.00042243575	9.740099e-05	0	0	-0.3549996	-0.0004477094	0.00042243575	9.740099e-05	-1.7804376e-13	2.2191634e-15	-4.6952515e-17	-1.7587132e-13	-0.00089547917	0.00084492844	-0.9998052	6.027826e-08	-5.687544e-08	1
0	-0.00039241955	0.0003702179	8.238386e-05	0	0	-0.40499973	-0.00039241955	0.0003702179	8.238386e-05	-1.7804376e-13	2.2192278e-15	-4.6974326e-17	-1.7587127e-13	-0.00078489195	0.00074048573	-0.9998352	5.286088e-08	-4.9870188e-08	1
0	-0.0003492753	0.00032948167	7.089703e-05	0	0	-0.45500082	-0.0003492753	0.00032948164	7.089703e-05	-1.7804376e-13	2.2192774e-15	-4.6992445e-17	-1.7587125e-13	-0.0006985977	0.0006590078	-0.99985826	4.7072934e-08	-4.4405255e-08	1
0	-0.00031466456	0.00029680957	6.185991e-05	0	0	-0.5050003	-0.00031466456	0.00029680957	6.185991e-05	-1.7804376e-13	2.2193163e-15	-4.700778e-17	-1.7587124e-13	-0.00062937156	0.0005936591	-0.9998762	4.242978e-08	-4.0022158e-08	1
0	-0.00028629784	0.00027003515	5.4593314e-05	0	0	-0.55500025	-0.0002862978	0.00027003515	5.459331e-05	-1.7804376e-13	2.219347e-15	-4.7020936e-17	-1.7587123e-13	-0.0005726342	0.00054010673	-0.99989086	3.8624304e-08	-3.6430297e-08	1
0	-0.00026261416	0.00024768387	4.86411e-05	0	0	-0.60500026	-0.00026261416	0.00024768387	4.86411e-05	-1.7804375e-13	2.2193724e-15	-4.703235e-17	-1.758712e-13	-0.0005252638	0.0004954012	-0.9999027	3.5447094e-08	-3.343182e-08	1
0	-0.00024254904	0.00022874918	4.368924e-05	0	0	-0.6549993	-0.00024254904	0.00022874918	4.368924e-05	-1.7804375e-13	2.2193936e-15	-4.7042364e-17	-1.758712e-13	-0.00048513085	0.00045752927	-0.99991274	3.2755324e-08	-3.089169e-08	1
0	-0.00022533319	0.00021250434	3.951766e-05	0	0	-0.70500124	-0.0002253332	0.00021250434	3.951766e-05	-1.7804372e-13	2.2194116e-15	-4.705121e-17	-1.7587117e-13	-0.00045069683	0.00042503743	-0.999921	3.044581e-08	-2.871244e-08	1
0	-0.00021039585	0.00019841052	3.5957695e-05	0	0	-0.7549992	-0.00021039585	0.00019841052	3.5957695e-05	-1.7804371e-13	2.2194266e-15	-4.7059102e-17	-1.7587114e-13	-0.0004208201	0.00039684784	-0.99992806	2.8441967e-08	-2.6821745e-08	1
0	-0.0001973147	0.00018606876	3.2894284e-05	0	0	-0.80500025	-0.0001973147	0.00018606876	3.2894284e-05	-1.7804368e-13	2.2194394e-15	-4.7066167e-17	-1.7587112e-13	-0.00039465612	0.00037216267	-0.9999342	2.6687147e-08	-2.5166111e-08	1
0	-0.00018576521	0.00017517249	3.0236366e-05	0	0	-0.85500133	-0.00018576521	0.00017517249	3.0236366e-05	-1.7804367e-13	2.219451e-15	-4.7072546e-17	-1.7587112e-13	-0.00037155554	0.0003503687	-0.9999395	2.5137812e-08	-2.3704398e-08	1
0	-0.00017549227	0.000165481	2.7909795e-05	0	0	-0.9049992	-0.00017549227	0.000165481	2.7909797e-05	-1.7804367e-13	2.2194607e-15	-4.707832e-17	-1.758711e-13	-0.0003510083	0.00033098442	-0.99994427	2.3759734e-08	-2.2404311e-08	1
0	-0.00016629565	0.00015680524	2.585934e-05	0	0	-0.95500135	-0.00016629565	0.00015680524	2.585934e-05	-1.7804366e-13	2.2194698e-15	-4.7083577e-17	-1.7587109e-13	-0.00033261388	0.00031363172	-0.99994826	2.2526056e-08	-2.12405e-08	1
0	-0.00015880507	0.0001497391	2.4215547e-05	0	0	-1	-0.00015880507	0.00014973912	2.4215547e-05	-1.7804366e-13	2.2194766e-15	-4.7087925e-17	-1.7587109e-13	-0.00031763167	0.00029949853	-0.99995154	2.152123e-08	-2.0292612e-08	1
0	-0.00016716764	0.00015762736	2.6053569e-05	0	0	-0.94999886	-0.00016716764	0.00015762736	2.6053569e-05	-1.7804366e-13	2.2194686e-15	-4.7083074e-17	-1.7587109e-13	-0.00033435796	0.00031527612	-0.9999479	2.2643018e-08	-2.1350775e-08	1
0	-0.00017646328	0.00016639657	2.8128765e-05	0	0	-0.900001	-0.00017646325	0.00016639657	2.8128765e-05	-1.7804367e-13	2.2194603e-15	-4.7077764e-17	-1.758711e-13	-0.00035295042	0.00033281566	-0.99994373	2.388998e-08	-2.2527125e-08	1
0	-0.0001868531	0.0001761984	3.0485513e-05	0	0	-0.849999	-0.00018685311	0.0001761984	3.0485517e-05	-1.7804368e-13	2.2194502e-15	-4.7071934e-17	-1.7587112e-13	-0.00037373148	0.00035242067	-0.999939	2.528374e-08	-2.3842015e-08	1
0	-0.00019854226	0.00018722644	3.318036e-05	0	0	-0.8000007	-0.00019854226	0.00018722643	3.318036e-05	-1.7804371e-13	2.2194385e-15	-4.706549e-17	-1.7587114e-13	-0.00039711135	0.00037447817	-0.99993366	2.6851811e-08	-2.5321398e-08	1
0	-0.00021179122	0.00019972662	3.628916e-05	0	0	-0.75	-0.00021179124	0.00019972662	3.628916e-05	-1.7804371e-13	2.2194252e-15	-4.7058348e-17	-1.7587114e-13	-0.00042361108	0.00039948022	-0.99992746	2.8629145e-08	-2.699829e-08	1
0	-0.000226932	0.00021401253	3.9902618e-05	0	0	-0.69999945	-0.000226932	0.00021401253	3.9902618e-05	-1.7804374e-13	2.2194097e-15	-4.705037e-17	-1.7587117e-13	-0.00045389467	0.00042805396	-0.9999202	3.0660267e-08	-2.8914737e-08	1
0	-0.00024440547	0.00023050034	4.4145607e-05	0	0	-0.6500008	-0.00024440547	0.00023050034	4.4145607e-05	-1.7804375e-13	2.2193917e-15	-4.7041414e-17	-1.758712e-13	-0.00048884394	0.0004610318	-0.9999117	3.3004348e-08	-3.1126596e-08	1
0	-0.00026478822	0.000249735	4.9185117e-05	0	0	-0.59999925	-0.00026478825	0.000249735	4.9185117e-05	-1.7804375e-13	2.21937e-15	-4.7031276e-17	-1.758712e-13	-0.00052961224	0.0004995037	-0.99990165	3.573872e-08	-3.3706954e-08	1
0	-0.00028888404	0.00027247533	5.525523e-05	0	0	-0.5499998	-0.00028888404	0.00027247533	5.525523e-05	-1.7804376e-13	2.2193438e-15	-4.7019705e-17	-1.7587123e-13	-0.0005778071	0.00054498744	-0.9998895	3.8971233e-08	-3.675763e-08	1
0	-0.00031779538	0.00029976355	6.267379e-05	0	0	-0.5	-0.00031779535	0.00029976357	6.267378e-05	-1.7804376e-13	2.2193125e-15	-4.7006355e-17	-1.7587124e-13	-0.0006356336	0.00059956755	-0.99987465	4.2849763e-08	-4.041843e-08	1
0	-0.0003531322	0.00033312145	7.192061e-05	0	0	-0.4500005	-0.0003531322	0.0003331214	7.192061e-05	-1.7804376e-13	2.2192727e-15	-4.6990777e-17	-1.7587125e-13	-0.00070631196	0.0006662877	-0.9998562	4.759032e-08	-4.4893515e-08	1
0	-0.0003972996	0.00037482328	8.370199e-05	0	0	-0.40000036	-0.00039729953	0.00037482328	8.370199e-05	-1.7804376e-13	2.2192223e-15	-4.6972328e-17	-1.7587128e-13	-0.0007946526	0.00074969704	-0.9998325	5.3515542e-08	-5.048799e-08	1
0	-0.00045408233	0.00042845003	9.915301e-05	0	0	-0.34999973	-0.00045408233	0.00042845003	9.915301e-05	-1.7804376e-13	2.2191554e-15	-4.6950083e-17	-1.7587131e-13	-0.0009082258	0.0008569577	-0.9998017	6.113319e-08	-5.7682268e-08	1
0	-0.0005297628	0.00049995264	0.00012016476	0	0	-0.29999962	-0.0005297628	0.00049995264	0.00012016476	-1.7804376e-13	2.219065e-15	-4.692266e-17	-1.7587136e-13	-0.0010595969	0.0009999726	-0.9997597	7.1286095e-08	-6.72747e-08	1
0	-0.0006356497	0.0006000532	0.00015014349	0	0	-0.25	-0.0006356497	0.0006000532	0.0001501435	-1.7804372e-13	2.2189356e-15	-4.6887823e-17	-1.758714e-13	-0.0012713849	0.001200187	-0.9996997	8.5491344e-08	-8.070369e-08	1
0	-0.0008146421	0.0007694377	0.00020184102	0	0	-0.19499981	-0.0008146422	0.0007694377	0.00020184102	-1.7804364e-13	2.2187117e-15	-4.683622e-17	-1.7587148e-13	-0.0016293938	0.0015389789	-0.99959636	1.09504064e-07	-1.03427524e-07	1
0	-0.00083603966	0.00078969734	0.000208078	0	0	-0.19000006	-0.00083603966	0.0007896974	0.000208078	-1.7804362e-13	2.2186846e-15	-4.6830562e-17	-1.7587148e-13	-0.0016721917	0.0015795007	-0.99958384	1.1237465e-07	-1.0614547e-07	1
0	-0.00085857994	0.0008110473	0.0002146614	0	0	-0.18499996	-0.00085858	0.0008110474	0.00021466138	-1.7804359e-13	2.218656e-15	-4.6824693e-17	-1.7587148e-13	-0.0017172755	0.0016222036	-0.9995707	1.1539855e-07	-1.0900969e-07	1
0	-0.00088230654	0.0008335264	0.00022161937	0	0	-0.18000017	-0.0008823066	0.00083352637	0.00022161935	-1.7804356e-13	2.218626e-15	-4.6818615e-17	-1.7587147e-13	-0.0017647317	0.0016671647	-0.9995568	1.18581546e-07	-1.1202533e-07	1
0	-0.00090751797	0.00085741346	0.0002289918	0	0	-0.17499986	-0.00090751797	0.0008574135	0.0002289918	-1.7804355e-13	2.218594e-15	-4.6812308e-17	-1.7587148e-13	-0.0018151578	0.0017149422	-0.99954206	1.2196382e-07	-1.1522996e-07	1
0	-0.0009341203	0.00088262645	0.0002368012	0	0	-0.17000006	-0.00093412027	0.00088262645	0.0002368012	-1.7804353e-13	2.2185597e-15	-4.680576e-17	-1.758715e-13	-0.001868366	0.0017653715	-0.9995264	1.2553265e-07	-1.18612405e-07	1
0	-0.0009623342	0.00090937235	0.00024509605	0	0	-0.1650002	-0.0009623342	0.00090937235	0.00024509605	-1.7804352e-13	2.218524e-15	-4.6798948e-17	-1.7587151e-13	-0.0019247978	0.0018188669	-0.9995098	1.2931773e-07	-1.222005e-07	1
0	-0.0009922971	0.00093778316	0.00025392012	0	0	-0.15999989	-0.0009922971	0.0009377832	0.00025392012	-1.780435e-13	2.2184854e-15	-4.6791864e-17	-1.758715e-13	-0.0019847273	0.0018756924	-0.99949217	1.3333737e-07	-1.2601198e-07	1
0	-0.0010241453	0.00096798997	0.00026332005	0	0	-0.15500008	-0.0010241453	0.00096799	0.00026332005	-1.7804345e-13	2.2184447e-15	-4.6784485e-17	-1.758715e-13	-0.0020484282	0.0019361102	-0.99947333	1.3760997e-07	-1.3006436e-07	1
0	-0.0010581871	0.0010002857	0.00027336183	0	0	-0.14999981	-0.0010581871	0.0010002857	0.00027336183	-1.7804343e-13	2.2184009e-15	-4.6776786e-17	-1.7587151e-13	-0.0021165162	0.0020007058	-0.99945325	1.4217686e-07	-1.3439703e-07	1
0	-0.0010945136	0.0010347595	0.00028410114	0	0	-0.14500023	-0.0010945135	0.0010347595	0.00028410112	-1.7804341e-13	2.2183543e-15	-4.676875e-17	-1.7587154e-13	-0.002189174	0.0020696581	-0.9994318	1.4705022e-07	-1.3902185e-07	1
0	-0.0011334036	0.0010716782	0.00029561593	0	0	-0.14000009	-0.0011334035	0.0010716784	0.00029561593	-1.7804337e-13	2.2183043e-15	-4.676035e-17	-1.7587155e-13	-0.0022669593	0.0021435006	-0.99940884	1.522675e-07	-1.4397472e-07	1
0	-0.0011751803	0.0011113508	0.00030799763	0	0	-0.13500017	-0.0011751802	0.0011113508	0.00030799763	-1.7804334e-13	2.2182503e-15	-4.675155e-17	-1.7587155e-13	-0.0023505182	0.002222851	-0.999384	1.5787205e-07	-1.49297e-07	1
0	-0.001220055	0.0011539819	0.0003213302	0	0	-0.13000007	-0.001220055	0.0011539819	0.0003213302	-1.7804329e-13	2.2181923e-15	-4.6742332e-17	-1.7587155e-13	-0.002440274	0.0023081186	-0.99935734	1.6389222e-07	-1.5501617e-07	1
0	-0.0012686328	0.0012001495	0.00033574612	0	0	-0.125	-0.0012686327	0.0012001495	0.00033574612	-1.7804325e-13	2.2181294e-15	-4.673265e-17	-1.7587157e-13	-0.002537436	0.0024004604	-0.99932843	1.7040918e-07	-1.6120981e-07	1
0	-0.0013211342	0.0012500681	0.00035136464	0	0	-0.11999989	-0.0013211342	0.0012500681	0.00035136464	-1.780432e-13	2.2180614e-15	-4.672246e-17	-1.7587157e-13	-0.0026424455	0.002500304	-0.9992973	1.7745249e-07	-1.6790665e-07	1
0	-0.0013780174	0.001304174	0.00036833482	0	0	-0.11499984	-0.0013780174	0.001304174	0.00036833482	-1.7804317e-13	2.2179875e-15	-4.671172e-17	-1.7587159e-13	-0.0027562198	0.002608523	-0.9992633	1.850836e-07	-1.7516516e-07	1
0	-0.0014403504	0.0013635093	0.00038686805	0	0	-0.10999988	-0.0014403504	0.0013635093	0.00038686805	-1.7804309e-13	2.2179066e-15	-4.6700384e-17	-1.7587158e-13	-0.002880894	0.0027272017	-0.99922633	1.9344594e-07	-1.831254e-07	1
0	-0.0015083596	0.0014282776	0.00040715135	0	0	-0.10499983	-0.0015083596	0.0014282776	0.00040715135	-1.7804306e-13	2.2178181e-15	-4.668839e-17	-1.7587162e-13	-0.0030169215	0.0028567468	-0.9991857	2.0256971e-07	-1.9181438e-07	1
0	-0.0015827883	0.0014991888	0.00042943316	0	0	-0.10000009	-0.0015827884	0.001499189	0.00042943316	-1.7804296e-13	2.217721e-15	-4.6675665e-17	-1.7587162e-13	-0.0031657892	0.0029985793	-0.99914116	2.125546e-07	-2.0132741e-07	1
0	-0.0016655648	0.0015781494	0.00045408745	0	0	-0.09500003	-0.0016655648	0.0015781496	0.00045408745	-1.780429e-13	2.2176134e-15	-4.6662125e-17	-1.7587165e-13	-0.0033313532	0.0031565109	-0.99909174	2.2365953e-07	-2.119205e-07	1
0	-0.0017571128	0.0016655233	0.00048143897	0	0	-0.090000086	-0.0017571128	0.0016655234	0.00048143897	-1.7804282e-13	2.2174937e-15	-4.6647686e-17	-1.7587165e-13	-0.0035144612	0.0033312705	-0.9990371	2.3594112e-07	-2.2364213e-07	1
0	-0.0018588213	0.0017626539	0.0005119373	0	0	-0.08500003	-0.0018588213	0.0017626539	0.0005119373	-1.7804272e-13	2.2173607e-15	-4.6632244e-17	-1.7587167e-13	-0.003717892	0.003525545	-0.9989762	2.495857e-07	-2.366726e-07	1
0	-0.0019733426	0.001872149	0.00054621865	0	0	-0.079999946	-0.0019733424	0.001872149	0.00054621865	-1.7804259e-13	2.2172108e-15	-4.6615654e-17	-1.7587169e-13	-0.0039469497	0.0037445494	-0.99890757	2.6494922e-07	-2.5136188e-07	1
0	-0.0021032023	0.0019964746	0.00058503	0	0	-0.074999906	-0.0021032023	0.0019964743	0.00058503	-1.7804246e-13	2.2170412e-15	-4.659777e-17	-1.758717e-13	-0.0042066867	0.003993217	-0.99882996	2.8237056e-07	-2.6804082e-07	1
0	-0.0022508253	0.0021379567	0.00062924786	0	0	-0.070000045	-0.0022508253	0.0021379567	0.00062924786	-1.7804229e-13	2.216848e-15	-4.65784e-17	-1.7587171e-13	-0.004501953	0.0042762007	-0.9987415	3.0217484e-07	-2.8702135e-07	1
0	-0.002421707	0.0023020287	0.0006802127	0	0	-0.065000035	-0.0024217071	0.0023020287	0.0006802127	-1.7804212e-13	2.2166249e-15	-4.6557315e-17	-1.7587177e-13	-0.004843739	0.004604367	-0.9986396	3.2509956e-07	-3.0903266e-07	1
0	-0.0026195634	0.0024922774	0.0007393996	0	0	-0.059999947	-0.0026195634	0.0024922774	0.0007393996	-1.7804191e-13	2.2163657e-15	-4.653422e-17	-1.7587177e-13	-0.005239478	0.004984889	-0.9985212	3.5164285e-07	-3.345554e-07	1
0	-0.0028516764	0.0027158046	0.00080900645	0	0	-0.05499994	-0.0028516764	0.0027158046	0.00080900645	-1.7804164e-13	2.216061e-15	-4.6508763e-17	-1.7587177e-13	-0.005703736	0.005431974	-0.998382	3.8278182e-07	-3.6454264e-07	1
0	-0.0031282355	0.0029827557	0.0008920551	0	0	-0.050000045	-0.0031282355	0.0029827557	0.0008920551	-1.7804135e-13	2.2156967e-15	-4.6480463e-17	-1.7587182e-13	-0.006256891	0.005965912	-0.9982159	4.1988326e-07	-4.003552e-07	1
0	-0.0034659961	0.0033097384	0.0009931041	0	0	-0.045000043	-0.0034659961	0.0033097384	0.0009931041	-1.7804096e-13	2.2152544e-15	-4.6448666e-17	-1.7587186e-13	-0.0069324574	0.006619921	-0.99801385	4.651954e-07	-4.4422163e-07	1
0	-0.0038853842	0.003717078	0.0011184984	0	0	-0.039999973	-0.0038853844	0.003717078	0.0011184985	-1.780405e-13	2.2147049e-15	-4.641252e-17	-1.7587189e-13	-0.00777129	0.0074346545	-0.997763	5.214582e-07	-4.988683e-07	1
0	-0.0044172485	0.004235367	0.0012780288	0	0	-0.035000023	-0.0044172485	0.004235367	0.0012780288	-1.7803989e-13	2.2140052e-15	-4.637077e-17	-1.7587193e-13	-0.00883509	0.008471302	-0.997444	5.9280995e-07	-5.683992e-07	1
0	-0.005116215	0.004919726	0.0014880229	0	0	-0.029999973	-0.005116215	0.004919726	0.0014880229	-1.7803906e-13	2.2130847e-15	-4.63216e-17	-1.7587199e-13	-0.010233116	0.009840112	-0.99702394	6.865791e-07	-6.6020897e-07	1
0	-0.0060785236	0.0058673667	0.0017773542	0	0	-0.025000023	-0.006078524	0.0058673667	0.0017773542	-1.7803792e-13	2.2118158e-15	-4.626203e-17	-1.7587205e-13	-0.012157864	0.01173552	-0.9964453	8.1567674e-07	-7.873393e-07	1
0	-0.0074784206	0.007255777	0.00220055	0	0	-0.019999987	-0.0074784206	0.007255777	0.00220055	-1.780362e-13	2.2099613e-15	-4.6187052e-17	-1.7587212e-13	-0.014957845	0.014512528	-0.99559885	1.0034784e-06	-9.736004e-07	1
0	-0.0097179115	0.009497827	0.0028809817	0	0	-0.014999987	-0.009717912	0.009497827	0.0028809817	-1.7803338e-13	2.206982e-15	-4.608668e-17	-1.7587219e-13	-0.019437129	0.018996926	-0.994238	1.303915e-06	-1.274381e-06	1
0	-0.01377494	0.0136067895	0.0041444884	0	0	-0.009999993	-0.013774938	0.0136067895	0.0041444884	-1.7802814e-13	2.201463e-15	-4.5938038e-17	-1.7587231e-13	-0.027551724	0.027215403	-0.991711	1.8481785e-06	-1.8256128e-06	1
0	-0.022989653	0.02306506	0.007230875	0	0	-0.0049999966	-0.022989653	0.02306506	0.007230875	-1.7801515e-13	2.1880585e-15	-4.5667735e-17	-1.7587251e-13	-0.045982387	0.046133216	-0.9855383	3.084353e-06	-3.0944602e-06	1
0	-0.05445859	0.055625	0.021066543	0	0	9.887924e-17	-0.05445859	0.055624995	0.021066543	-1.779575e-13	2.1293237e-15	-4.4839032e-17	-1.7587302e-13	-0.10892448	0.11125746	-0.9578669	7.305908e-06	-7.4623604e-06	1
0	-0.06254774	0.06393178	0.026873864	0	0	0.0049999966	-0.06254774	0.06393178	0.026873864	-1.7793399e-13	2.105416e-15	-4.4434654e-17	-1.7587395e-13	-0.12510389	0.12787214	-0.9462522	8.390352e-06	-8.575976e-06	1
0	-0.063511595	0.06491974	0.027652716	0	0	0.009999993	-0.06351161	0.06491974	0.027652716	-1.7793087e-13	2.102244e-15	-4.4374508e-17	-1.7587497e-13	-0.12703171	0.1298482	-0.9446946	8.518833e-06	-8.707671e-06	1
0	-0.06470657	0.066143274	0.028665325	0	0	0.014999987	-0.06470657	0.06614328	0.028665325	-1.7792683e-13	2.0981332e-15	-4.4293533e-17	-1.7587604e-13	-0.12942183	0.13229543	-0.94266933	8.67829e-06	-8.870941e-06	1
0	-0.0662445	0.067717075	0.03001627	0	0	0.019999987	-0.0662445	0.06771708	0.03001627	-1.7792148e-13	2.0926705e-15	-4.4185192e-17	-1.7587724e-13	-0.13249788	0.13544324	-0.9399675	8.883715e-06	-9.081159e-06	1
0	-0.06847821	0.07000203	0.03205274	0	0	0.025000023	-0.068478204	0.07000203	0.03205274	-1.7791344e-13	2.0844793e-15	-4.402385e-17	-1.7587867e-13	-0.13696559	0.14001343	-0.9358945	9.182413e-06	-9.386706e-06	1
0	-0.072073	0.07367793	0.035493404	0	0	0.029999973	-0.072073	0.07367793	0.0354934	-1.7789994e-13	2.0707573e-15	-4.375809e-17	-1.7588051e-13	-0.14415565	0.14736575	-0.92901325	9.663574e-06	-9.878722e-06	1
0	-0.0015157745	0.01608206	0.99580055	0	0	0.035000023	-0.0015157745	0.01608206	0.9958005	-1.780285e-13	2.2041244e-15	2.9219e-18	-1.7606814e-13	-0.0030317528	0.032166272	0.99160117	2.0357055e-07	-2.1577025e-06	1
0	-0.0012880748	0.0154301515	0.9959951	0	0	0.039999973	-0.0012880749	0.015430151	0.9959951	-1.7802922e-13	2.204859e-15	2.9037907e-18	-1.7610344e-13	-0.0025763228	0.030862372	0.99199027	1.7302155e-07	-2.070244e-06	1
0	-0.0011178518	0.014888968	0.9961705	0	0	0.045000043	-0.0011178517	0.014888967	0.9961705	-1.7802986e-13	2.2055211e-15	2.8662915e-18	-1.7613877e-13	-0.0022358536	0.029779933	0.9923411	1.5017963e-07	-1.997637e-06	1
0	-0.0010557738	0.01466571	0.99625385	0	0	0.050000045	-0.0010557738	0.014665711	0.99625385	-1.7803014e-13	2.2058248e-15	2.747996e-18	-1.7617414e-13	-0.0021116894	0.029333388	0.9925077	1.4183036e-07	-1.967677e-06	1
0	0.0010245658	0.0067486735	0.99819183	0	0	0.05499994	0.0010245658	0.0067486735	0.99819183	-1.780377e-13	2.2135715e-15	1.7433293e-18	-1.7621097e-13	0.002049269	0.013498253	0.9963836	-1.3724363e-07	-9.055759e-07	1
0	0.0011346794	0.0062706806	0.9982894	0	0	0.059999947	0.0011346794	0.0062706806	0.9982894	-1.7803804e-13	2.2139504e-15	1.7188419e-18	-1.7624632e-13	0.0022695106	0.0125422	0.9965788	-1.5201579e-07	-8.4144915e-07	1
0	0.0011846095	0.0060272343	0.99835324	0	0	0.065000035	0.0011846095	0.0060272347	0.99835324	-1.7803828e-13	2.21418e-15	1.6298769e-18	-1.7628176e-13	0.0023693778	0.012055279	0.9967066	-1.587129e-07	-8.0878425e-07	1
0	0.0027941794	-0.0026592452	0.9992084	0	0	0.070000045	0.0027941794	-0.0026592452	0.99920845	-1.7804173e-13	2.2178586e-15	5.9621757e-19	-1.7631832e-13	0.005588733	-0.0053188466	0.99841684	-3.746446e-07	3.5655344e-07	1
0	0.0025717148	-0.0024461108	0.9992753	0	0	0.074999906	0.002571715	-0.0024461108	0.99927527	-1.7804195e-13	2.2181512e-15	5.7767745e-19	-1.7635368e-13	0.0051437747	-0.00489255	0.99855053	-3.4479916e-07	3.2795975e-07	1
0	0.0023808987	-0.0022627516	0.99933237	0	0	0.079999946	0.002380899	-0.0022627516	0.99933237	-1.7804216e-13	2.2184009e-15	5.6047473e-19	-1.7638905e-13	0.0047621173	-0.0045258068	0.9986647	-3.191997e-07	3.033608e-07	1
0	0.0022159654	-0.0021044808	0.9993816	0	0	0.08500003	0.0022159657	-0.0021044808	0.9993816	-1.7804231e-13	2.2186169e-15	5.4446264e-19	-1.764244e-13	0.0044322284	-0.0042092437	0.9987632	-2.970727e-07	2.8212767e-07	1
0	0.0020726894	-0.0019671952	0.99942446	0	0	0.090000086	0.0020726896	-0.0019671952	0.99942446	-1.780425e-13	2.2188045e-15	5.2950897e-19	-1.7645981e-13	0.004145657	-0.0039346544	0.9988489	-2.7785114e-07	2.637099e-07	1
0	0.0019464864	-0.0018464149	0.9994621	0	0	0.09500003	0.0019464864	-0.0018464149	0.9994621	-1.7804261e-13	2.2189692e-15	5.1550066e-19	-1.7649517e-13	0.003893234	-0.0036930775	0.99892426	-2.6092005e-07	2.4750634e-07	1
0	0.0018349056	-0.001739748	0.9994955	0	0	0.10000009	0.0018349056	-0.0017397482	0.9994955	-1.7804273e-13	2.2191151e-15	5.0234244e-19	-1.7653054e-13	0.0036700573	-0.0034797294	0.998991	-2.459507e-07	2.3319627e-07	1
0	0.0017353328	-0.0016446736	0.9995251	0	0	0.10499983	0.0017353328	-0.0016446736	0.9995251	-1.7804283e-13	2.2192452e-15	4.899473e-19	-1.7656593e-13	0.0034708981	-0.0032895675	0.99905044	-2.3259224e-07	2.2044138e-07	1
0	0.0016460516	-0.0015594997	0.99955183	0	0	0.10999988	0.0016460515	-0.0015594997	0.9995519	-1.7804291e-13	2.219362e-15	4.782476e-19	-1.7660129e-13	0.003292324	-0.0031192084	0.9991038	-2.2061454e-07	2.0901471e-07	1
0	0.0015653098	-0.0014825052	0.999576	0	0	0.11499984	0.0015653098	-0.0014825054	0.999576	-1.7804296e-13	2.2194669e-15	4.6718106e-19	-1.7663665e-13	0.0031308294	-0.0029652093	0.999152	-2.0978244e-07	1.9868541e-07	1
0	0.0014922651	-0.0014129175	0.9995977	0	0	0.11999989	0.0014922651	-0.0014129175	0.9995977	-1.7804307e-13	2.2195624e-15	4.566899e-19	-1.7667206e-13	0.0029847303	-0.0028260248	0.9991955	-1.9998296e-07	1.8934975e-07	1
0	0.0014255557	-0.0013493968	0.9996176	0	0	0.125	0.0014255558	-0.0013493968	0.9996176	-1.7804311e-13	2.219649e-15	4.4672644e-19	-1.7670742e-13	0.0028513027	-0.0026989747	0.9992353	-1.9103345e-07	1.8082801e-07	1
0	0.0013646206	-0.0012914125	0.99963576	0	0	0.13000007	0.0013646206	-0.0012914125	0.9996358	-1.7804318e-13	2.2197282e-15	4.3724767e-19	-1.767428e-13	0.002729424	-0.002582998	0.99927163	-1.8285857e-07	1.7304905e-07	1
0	0.0013086506	-0.0012381793	0.9996524	0	0	0.13500017	0.0013086506	-0.0012381794	0.9996524	-1.7804322e-13	2.2198006e-15	4.282159e-19	-1.7677816e-13	0.0026174763	-0.0024765246	0.9993048	-1.753498e-07	1.6590745e-07	1
0	0.0012570898	-0.0011891641	0.99966776	0	0	0.14000009	0.0012570898	-0.0011891641	0.99966776	-1.7804326e-13	2.2198677e-15	4.1959652e-19	-1.7681357e-13	0.002514348	-0.0023784873	0.99933547	-1.6843256e-07	1.5933173e-07	1
0	0.0012094405	-0.0011438853	0.99968183	0	0	0.14500023	0.0012094405	-0.0011438852	0.99968183	-1.780433e-13	2.2199291e-15	4.1135963e-19	-1.7684893e-13	0.002419043	-0.0022879236	0.9993637	-1.6204011e-07	1.5325728e-07	1
0	0.0011652529	-0.0011019148	0.99969506	0	0	0.14999981	0.001165253	-0.0011019148	0.99969506	-1.7804336e-13	2.2199861e-15	4.0347704e-19	-1.7688432e-13	0.002330662	-0.0022039772	0.99938995	-1.5611202e-07	1.4762668e-07	1
0	0.0011241862	-0.001062922	0.9997071	0	0	0.15500008	0.0011241862	-0.001062922	0.99970704	-1.780434e-13	2.220039e-15	3.959247e-19	-1.7691972e-13	0.002248523	-0.0021259864	0.9994143	-1.5060263e-07	1.4239555e-07	1
0	0.0010859446	-0.0010266253	0.9997185	0	0	0.15999989	0.0010859446	-0.0010266253	0.9997184	-1.7804343e-13	2.2200884e-15	3.8867997e-19	-1.7695508e-13	0.0021720347	-0.0020533882	0.999437	-1.4547227e-07	1.3752613e-07	1
0	0.0010501156	-0.0009926277	0.999729	0	0	0.1650002	0.0010501156	-0.0009926277	0.99972904	-1.7804344e-13	2.2201348e-15	3.8172325e-19	-1.7699046e-13	0.0021003718	-0.0019853883	0.999458	-1.4066556e-07	1.3296511e-07	1
0	0.0010166212	-0.0009608553	0.99973893	0	0	0.17000006	0.0010166214	-0.0009608553	0.99973893	-1.7804345e-13	2.2201778e-15	3.7503534e-19	-1.7702582e-13	0.002033379	-0.0019218392	0.99947786	-1.3617209e-07	1.2870265e-07	1
0	0.0009851917	-0.00093104935	0.9997482	0	0	0.17499986	0.0009851917	-0.00093104935	0.9997481	-1.780435e-13	2.2202178e-15	3.6860003e-19	-1.7706122e-13	0.0019705151	-0.0018622234	0.9994964	-1.319556e-07	1.24704e-07	1
0	0.00095564424	-0.0009030356	0.99975693	0	0	0.18000017	0.00095564424	-0.0009030356	0.999757	-1.7804352e-13	2.2202559e-15	3.6240163e-19	-1.7709662e-13	0.0019114166	-0.0018061921	0.99951375	-1.279916e-07	1.209458e-07	1
0	0.00092781766	-0.0008766592	0.9997651	0	0	0.18499996	0.00092781766	-0.0008766592	0.9997651	-1.7804353e-13	2.2202915e-15	3.5642646e-19	-1.7713199e-13	0.0018557595	-0.0017534358	0.9995302	-1.242585e-07	1.1740723e-07	1
0	0.0009016216	-0.00085183256	0.9997727	0	0	0.19000006	0.0009016216	-0.00085183256	0.9997728	-1.7804355e-13	2.220325e-15	3.5066117e-19	-1.7716736e-13	0.0018033639	-0.0017037793	0.99954545	-1.2074413e-07	1.140766e-07	1
0	0.0008767396	-0.00082825846	0.99978006	0	0	0.19499981	0.0008767396	-0.00082825834	0.99978	-1.7804356e-13	2.2203565e-15	3.4509453e-19	-1.7720275e-13	0.0017535966	-0.0016566277	0.9995601	-1.17406046e-07	1.10913966e-07	1
0	0.00083099154	-0.00078492326	0.99979335	0	0	0.20499994	0.00083099154	-0.0007849233	0.99979335	-1.7804362e-13	2.2204145e-15	3.345126e-19	-1.7727353e-13	0.0016620943	-0.0015699517	0.9995869	-1.11268655e-07	1.05100305e-07	1
0	0.0006589591	-0.0006221035	0.9998432	0	0	0.25499967	0.0006589591	-0.0006221036	0.9998432	-1.7804371e-13	2.2206305e-15	2.9047502e-19	-1.7762736e-13	0.0013180065	-0.0012442904	0.9996865	-8.818948e-08	8.3257106e-08	1
0	0.00054584973	-0.00051516265	0.99987525	0	0	0.30500022	0.00054584973	-0.00051516265	0.99987537	-1.7804376e-13	2.2207692e-15	2.5702086e-19	-1.7798122e-13	0.0010917726	-0.0010303942	0.9997506	-7.301523e-08	6.891043e-08	1
0	0.0004658519	-0.00043957322	0.9998976	0	0	0.3549996	0.00046585186	-0.00043957322	0.9998976	-1.7804376e-13	2.2208651e-15	2.3058373e-19	-1.7833506e-13	0.00093176606	-0.0008792053	0.9997952	-6.228312e-08	5.876976e-08	1
0	0.00040628528	-0.00038331162	0.99991393	0	0	0.40499973	0.00040628525	-0.00038331162	0.9999139	-1.7804376e-13	2.2209352e-15	2.0908179e-19	-1.7868892e-13	0.0008126248	-0.0007666745	0.99982774	-5.429201e-08	5.122205e-08	1
0	0.0003602181	-0.0003398133	0.99992627	0	0	0.45500082	0.0003602181	-0.0003398133	0.99992627	-1.7804376e-13	2.2209886e-15	1.9120505e-19	-1.7904279e-13	0.00072048436	-0.000679672	0.99985236	-4.8111932e-08	4.5386603e-08	1
0	0.00032352615	-0.0003051743	0.9999358	0	0	0.5050003	0.00032352615	-0.00030517433	0.9999358	-1.7804376e-13	2.2210303e-15	1.7608094e-19	-1.7939666e-13	0.0006470955	-0.00061038946	0.9998718	-4.3189594e-08	4.0739696e-08	1
0	0.00029361597	-0.0002769421	0.9999435	0	0	0.55500025	0.00029361594	-0.00027694207	0.9999435	-1.7804376e-13	2.2210631e-15	1.6310323e-19	-1.7975054e-13	0.00058727106	-0.0005539211	0.99988705	-3.9177085e-08	3.6952294e-08	1
0	0.00026876343	-0.0002534868	0.9999498	0	0	0.60500026	0.00026876343	-0.0002534868	0.9999498	-1.7804375e-13	2.22109e-15	1.5183577e-19	-1.8010443e-13	0.0005375627	-0.00050700735	0.9998996	-3.584308e-08	3.380574e-08	1
0	0.00024778393	-0.00023368893	0.99995506	0	0	0.6549993	0.00024778393	-0.00023368893	0.99995506	-1.7804375e-13	2.221112e-15	1.4195555e-19	-1.8045831e-13	0.0004956009	-0.00046740897	0.99991	-3.302867e-08	3.114986e-08	1
0	0.000229842	-0.0002167588	0.9999594	0	0	0.70500124	0.000229842	-0.00021675878	0.99995947	-1.7804374e-13	2.2211309e-15	1.3321779e-19	-1.8081218e-13	0.00045971465	-0.0004335465	0.9999188	-3.0621763e-08	2.8878691e-08	1
0	0.00021432259	-0.00020211548	0.9999631	0	0	0.7549992	0.00021432259	-0.00020211548	0.99996316	-1.7804371e-13	2.2211465e-15	1.2543301e-19	-1.8116604e-13	0.0004286737	-0.00040425785	0.9999262	-2.8539858e-08	2.6914316e-08	1
0	0.00020076458	-0.00018932362	0.9999663	0	0	0.80500025	0.0002007646	-0.00018932362	0.9999663	-1.7804371e-13	2.2211599e-15	1.1845226e-19	-1.8151993e-13	0.00040155588	-0.0003786724	0.9999326	-2.6721084e-08	2.5198323e-08	1
0	0.00018882107	-0.00017805542	0.9999691	0	0	0.85500133	0.00018882108	-0.00017805542	0.9999691	-1.7804368e-13	2.221172e-15	1.1215663e-19	-1.818738e-13	0.00037766725	-0.00035613458	0.99993813	-2.5118908e-08	2.3686743e-08	1
0	0.00017821697	-0.00016805143	0.9999715	0	0	0.9049992	0.00017821694	-0.00016805143	0.9999715	-1.7804367e-13	2.2211823e-15	1.06449776e-19	-1.8222769e-13	0.0003564576	-0.0003361252	0.99994296	-2.3696417e-08	2.2344764e-08	1
0	0.00016873967	-0.00015911086	0.99997365	0	0	0.95500135	0.00016873967	-0.00015911087	0.9999736	-1.7804366e-13	2.2211912e-15	1.01252826e-19	-1.8258156e-13	0.00033750178	-0.00031824288	0.9999472	-2.2425098e-08	2.1145441e-08	1
