# t (s)	mx ()	my ()	mz ()	B_extx (T)	B_exty (T)	B_extz (T)	mx ()	my ()	mz ()	E_anis (J)	E_demag (J)	E_exch (J)	E_total (J)	m_zrange1_x ()	m_zrange1_y ()	m_zrange1_z ()	m_zrange0_x ()	m_zrange0_y ()	m_zrange0_z ()
0	0	0	1	0	0	1	0	0	1	-1.7804318e-13	2.221299e-15	-0	-1.8289977e-13	0	0	1	0	0	1
0	0.00016727598	-0.00015772955	0.99997395	0	0	0.94999886	0.00016727598	-0.00015772955	0.99997395	-1.7804366e-13	2.2211923e-15	1.0289402e-19	-1.8254617e-13	0.00033452973	-0.00031543814	0.9999478	2.2231974e-08	-2.0963206e-08	1
0	0.00017658292	-0.00016650945	0.9999718	0	0	0.900001	0.00017658294	-0.00016650945	0.99997187	-1.7804367e-13	2.2211838e-15	1.08208666e-19	-1.8219229e-13	0.00035314242	-0.00033299671	0.99994373	2.3480625e-08	-2.2141135e-08	1
0	0.00018698504	-0.00017632288	0.99996954	0	0	0.849999	0.00018698504	-0.00017632288	0.9999695	-1.7804368e-13	2.2211734e-15	1.1404812e-19	-1.8183842e-13	0.00037394522	-0.00035262233	0.99993896	2.4876222e-08	-2.3457748e-08	1
0	0.00019869066	-0.0001873664	0.99996686	0	0	0.8000007	0.00019869067	-0.00018736639	0.9999668	-1.7804371e-13	2.221162e-15	1.2049421e-19	-1.8148455e-13	0.0003973549	-0.00037470783	0.99993354	2.6446715e-08	-2.49394e-08	1
0	0.00021195757	-0.00019988348	0.9999637	0	0	0.75	0.00021195757	-0.0001998835	0.9999637	-1.7804371e-13	2.221149e-15	1.2764675e-19	-1.8113065e-13	0.00042388687	-0.00039974038	0.9999274	2.8226687e-08	-2.6618775e-08	1
0	0.000227121	-0.0002141908	0.99996006	0	0	0.69999945	0.00022712097	-0.00021419082	0.99996006	-1.7804374e-13	2.2211334e-15	1.356295e-19	-1.807768e-13	0.00045421172	-0.0004283531	0.9999201	3.0261134e-08	-2.8538349e-08	1
0	0.0002446205	-0.00023070327	0.99995583	0	0	0.6500008	0.00024462046	-0.00023070328	0.99995583	-1.7804375e-13	2.2211154e-15	1.4459758e-19	-1.8042291e-13	0.0004892084	-0.0004613758	0.9999116	3.2609016e-08	-3.0753796e-08	1
0	0.0002650399	-0.00024997242	0.99995077	0	0	0.59999925	0.0002650399	-0.00024997242	0.99995077	-1.7804375e-13	2.2210936e-15	1.547485e-19	-1.8006903e-13	0.0005300445	-0.00049991155	0.9999015	3.5348688e-08	-3.3339134e-08	1
0	0.0002891772	-0.00027275208	0.9999447	0	0	0.5499998	0.0002891772	-0.00027275208	0.9999446	-1.7804376e-13	2.2210678e-15	1.6633842e-19	-1.7971516e-13	0.0005783158	-0.0005454678	0.99988943	3.8587203e-08	-3.6395484e-08	1
0	0.00031814747	-0.00030009597	0.99993724	0	0	0.5	0.00031814747	-0.00030009597	0.99993724	-1.7804376e-13	2.221036e-15	1.7970596e-19	-1.7936127e-13	0.0006362525	-0.0006001519	0.9998745	4.2474188e-08	-4.0064247e-08	1
0	0.0003535614	-0.00033352667	0.999928	0	0	0.4500005	0.00035356142	-0.00033352667	0.999928	-1.7804376e-13	2.2209964e-15	1.9530998e-19	-1.7900739e-13	0.0007070756	-0.00066700875	0.999856	4.722576e-08	-4.4549708e-08	1
0	0.000397839	-0.00037533246	0.99991626	0	0	0.40000036	0.000397839	-0.00037533246	0.99991626	-1.7804376e-13	2.2209452e-15	2.1379087e-19	-1.7865352e-13	0.00079562486	-0.0007506147	0.99983233	5.3166616e-08	-5.0158906e-08	1
0	0.0004547678	-0.000429098	0.9999007	0	0	0.34999973	0.0004547678	-0.000429098	0.9999007	-1.7804376e-13	2.2208789e-15	2.3607412e-19	-1.7829966e-13	0.0009094748	-0.00085813866	0.99980134	6.0804965e-08	-5.7372826e-08	1
0	0.00053069537	-0.00050083385	0.99987954	0	0	0.29999962	0.0005306953	-0.00050083385	0.99987954	-1.7804376e-13	2.2207876e-15	2.6355934e-19	-1.7794582e-13	0.0010613197	-0.0010016006	0.9997592	7.099249e-08	-6.699792e-08	1
0	0.0006369779	-0.00060130894	0.9998495	0	0	0.25	0.00063697784	-0.00060130894	0.99984956	-1.7804374e-13	2.2206578e-15	2.9848931e-19	-1.7759196e-13	0.0012738704	-0.0012025373	0.99969906	8.525295e-08	-8.0479126e-08	1
0	0.000816787	-0.00077146874	0.9997976	0	0	0.19499981	0.000816787	-0.00077146874	0.9997976	-1.7804364e-13	2.2204323e-15	3.5024068e-19	-1.7720276e-13	0.0016334646	-0.0015428341	0.99959517	1.0937893e-07	-1.0331035e-07	1
0	0.0008382507	-0.00079179247	0.99979126	0	0	0.19000006	0.0008382507	-0.00079179247	0.9997913	-1.7804362e-13	2.2204056e-15	3.5592095e-19	-1.7716738e-13	0.001676389	-0.0015834789	0.9995826	1.1225882e-07	-1.0603729e-07	1
0	0.00086095865	-0.0008133002	0.99978465	0	0	0.18499996	0.00086095865	-0.00081330026	0.9997847	-1.7804359e-13	2.2203764e-15	3.6180616e-19	-1.7713198e-13	0.0017218018	-0.0016264915	0.99956936	1.1530571e-07	-1.0892312e-07	1
0	0.0008848775	-0.0008359599	0.9997776	0	0	0.18000017	0.0008848775	-0.0008359599	0.9997776	-1.7804356e-13	2.220346e-15	3.679073e-19	-1.7709659e-13	0.0017696366	-0.001671808	0.99955535	1.1851503e-07	-1.119635e-07	1
0	0.00091015705	-0.00085991475	0.99977034	0	0	0.17499986	0.00091015705	-0.00085991475	0.99977034	-1.7804353e-13	2.220314e-15	3.7423804e-19	-1.7706119e-13	0.0018201922	-0.0017197143	0.99954057	1.2190694e-07	-1.1517764e-07	1
0	0.0009369225	-0.0008852821	0.99976236	0	0	0.17000006	0.0009369225	-0.0008852821	0.99976236	-1.7804353e-13	2.22028e-15	3.8081325e-19	-1.7702583e-13	0.0018737196	-0.0017704456	0.99952483	1.2549823e-07	-1.18581326e-07	1
0	0.0009653028	-0.00091218646	0.99975413	0	0	0.1650002	0.0009653028	-0.00091218646	0.99975413	-1.7804352e-13	2.2202436e-15	3.876484e-19	-1.7699046e-13	0.0019304764	-0.0018242507	0.99950814	1.2930617e-07	-1.2219124e-07	1
0	0.0009953903	-0.00094071653	0.9997452	0	0	0.15999989	0.0009953903	-0.00094071653	0.99974513	-1.7804349e-13	2.2202053e-15	3.9476166e-19	-1.7695505e-13	0.0019906473	-0.0018813069	0.9994904	1.3334319e-07	-1.2601927e-07	1
0	0.0010275427	-0.000971212	0.9997357	0	0	0.15500008	0.0010275429	-0.00097121194	0.9997357	-1.7804345e-13	2.2201636e-15	4.021721e-19	-1.7691966e-13	0.002054948	-0.0019422937	0.9994715	1.3765728e-07	-1.3011103e-07	1
0	0.0010617609	-0.0010036762	0.99972564	0	0	0.14999981	0.001061761	-0.0010036762	0.99972564	-1.7804343e-13	2.2201197e-15	4.0990087e-19	-1.7688429e-13	0.0021233798	-0.002007218	0.9994513	1.4224857e-07	-1.3446697e-07	1
0	0.0010983368	-0.0010383875	0.99971485	0	0	0.14500023	0.0010983368	-0.0010383874	0.99971485	-1.7804341e-13	2.220073e-15	4.179719e-19	-1.7684892e-13	0.0021965264	-0.0020766358	0.9994297	1.4715614e-07	-1.3912438e-07	1
0	0.0011375044	-0.001075571	0.9997032	0	0	0.14000009	0.0011375044	-0.001075571	0.9997032	-1.7804337e-13	2.2200221e-15	4.2641062e-19	-1.7681353e-13	0.0022748562	-0.002150998	0.99940646	1.5241153e-07	-1.4411353e-07	1
0	0.001179475	-0.0011154269	0.9996908	0	0	0.13500017	0.001179475	-0.0011154269	0.9996908	-1.7804334e-13	2.219968e-15	4.3524646e-19	-1.7677816e-13	0.0023587917	-0.0022307043	0.99938154	1.5804298e-07	-1.4946119e-07	1
0	0.0012248564	-0.0011585429	0.99967736	0	0	0.13000007	0.0012248562	-0.0011585429	0.99967736	-1.7804329e-13	2.2199092e-15	4.4451254e-19	-1.7674278e-13	0.0024495483	-0.0023169306	0.9993546	1.6413208e-07	-1.5524634e-07	1
0	0.0012737256	-0.0012049901	0.99966276	0	0	0.125	0.0012737256	-0.0012049901	0.99966276	-1.7804325e-13	2.2198461e-15	4.542441e-19	-1.767074e-13	0.0025472809	-0.0024098186	0.9993256	1.7068925e-07	-1.6147845e-07	1
0	0.001326676	-0.0012553381	0.999647	0	0	0.11999989	0.001326676	-0.0012553381	0.999647	-1.7804321e-13	2.2197773e-15	4.644829e-19	-1.76672e-13	0.0026531746	-0.002510508	0.9992941	1.7779394e-07	-1.6823395e-07	1
0	0.0013840143	-0.0013098783	0.99963	0	0	0.11499984	0.0013840143	-0.0013098783	0.99963	-1.7804317e-13	2.2197028e-15	4.7527425e-19	-1.7663665e-13	0.002767843	-0.0026195813	0.9992598	1.8548737e-07	-1.7555195e-07	1
0	0.0014468879	-0.001369732	0.99961126	0	0	0.10999988	0.0014468879	-0.001369732	0.99961126	-1.7804309e-13	2.2196213e-15	4.8667347e-19	-1.7660125e-13	0.0028935815	-0.0027392802	0.9992225	1.9392351e-07	-1.835829e-07	1
0	0.0015155212	-0.001435099	0.9995909	0	0	0.10499983	0.0015155212	-0.0014350989	0.99959075	-1.7804305e-13	2.2195317e-15	4.987387e-19	-1.7656589e-13	0.0030308391	-0.0028700058	0.99918157	2.031325e-07	-1.923536e-07	1
0	0.0015908087	-0.0015068422	0.99956834	0	0	0.10000009	0.0015908087	-0.0015068422	0.99956834	-1.7804295e-13	2.2194334e-15	5.1153955e-19	-1.7653049e-13	0.0031814042	-0.0030134826	0.9991365	2.1323436e-07	-2.0197983e-07	1
0	0.0016742694	-0.0015864504	0.99954337	0	0	0.09500003	0.0016742694	-0.0015864504	0.99954337	-1.7804288e-13	2.2193248e-15	5.2515893e-19	-1.7649512e-13	0.0033483144	-0.0031726882	0.9990868	2.2443285e-07	-2.1266138e-07	1
0	0.0017667622	-0.0016747344	0.99951583	0	0	0.090000086	0.0017667622	-0.0016747345	0.9995158	-1.780428e-13	2.2192039e-15	5.3968944e-19	-1.7645973e-13	0.0035332874	-0.0033492444	0.9990315	2.3684325e-07	-2.2450702e-07	1
0	0.0018700713	-0.0017734282	0.999485	0	0	0.08500003	0.0018700714	-0.0017734282	0.99948484	-1.7804272e-13	2.2190692e-15	5.5524276e-19	-1.7642437e-13	0.003739892	-0.0035466189	0.9989697	2.5070494e-07	-2.3774939e-07	1
0	0.0019861087	-0.001884407	0.9994502	0	0	0.079999946	0.001986109	-0.001884407	0.9994502	-1.7804259e-13	2.218917e-15	5.719486e-19	-1.7638903e-13	0.0039719515	-0.0037685614	0.9989004	2.6627453e-07	-2.5264012e-07	1
0	0.0021174646	-0.00201015	0.999411	0	0	0.074999906	0.0021174646	-0.00201015	0.999411	-1.7804244e-13	2.2187454e-15	5.8997044e-19	-1.7635364e-13	0.0042346455	-0.0040200306	0.99882185	2.8389945e-07	-2.6951193e-07	1
0	0.002267297	-0.002153813	0.99936604	0	0	0.070000045	0.002267297	-0.002153813	0.99936616	-1.7804227e-13	2.2185493e-15	6.094917e-19	-1.7631826e-13	0.0045342906	-0.0043073376	0.9987322	3.0400358e-07	-2.887881e-07	1
0	0.0024393091	-0.0023188845	0.9993145	0	0	0.065000035	0.002439309	-0.0023188845	0.9993145	-1.780421e-13	2.2183232e-15	6.307566e-19	-1.7628288e-13	0.0048782905	-0.004637458	0.998629	3.2708357e-07	-3.109368e-07	1
0	0.0026406264	-0.0025125218	0.9992544	0	0	0.059999947	0.0026406264	-0.0025125218	0.9992544	-1.780419e-13	2.2180602e-15	6.540615e-19	-1.7624754e-13	0.0052809	-0.0050247065	0.9985087	3.5409587e-07	-3.3691848e-07	1
0	0.0028766412	-0.00273988	0.99918354	0	0	0.05499994	0.0028766412	-0.0027398802	0.9991836	-1.7804161e-13	2.2177495e-15	6.797744e-19	-1.7621217e-13	0.005752896	-0.0054793926	0.9983672	3.8576366e-07	-3.6742466e-07	1
0	0.0031596571	-0.0030132136	0.9990989	0	0	0.050000045	0.0031596571	-0.0030132136	0.9990989	-1.7804131e-13	2.2173785e-15	7.0839257e-19	-1.7617682e-13	0.006318891	-0.006026024	0.9981978	4.2373796e-07	-4.040997e-07	1
0	0.0035034728	-0.003346073	0.99899584	0	0	0.045000043	0.0035034728	-0.003346073	0.9989959	-1.7804093e-13	2.2169266e-15	7.405687e-19	-1.7614145e-13	0.0070064757	-0.006691697	0.9979918	4.6987026e-07	-4.487617e-07	1
0	0.003929194	-0.003759478	0.9988679	0	0	0.039999973	0.0039291936	-0.0037594782	0.99886805	-1.7804046e-13	2.2163655e-15	7.771874e-19	-1.761061e-13	0.007857861	-0.007518452	0.997736	5.2699244e-07	-5.042311e-07	1
0	0.004476279	-0.004293057	0.99870425	0	0	0.035000023	0.004476279	-0.0042930576	0.99870425	-1.7803979e-13	2.215647e-15	8.1955266e-19	-1.7607073e-13	0.008951958	-0.008585539	0.9974085	6.0039906e-07	-5.7582514e-07	1
0	0.0051988345	-0.0050009103	0.9984878	0	0	0.029999973	0.0051988345	-0.0050009103	0.9984878	-1.7803898e-13	2.214697e-15	8.696179e-19	-1.7603542e-13	0.01039697	-0.01000115	0.9969755	6.973497e-07	-6.708028e-07	1
0	0.006192642	-0.0059801326	0.99818856	0	0	0.025000023	0.006192642	-0.0059801326	0.99818856	-1.7803776e-13	2.2133843e-15	9.30409e-19	-1.7600007e-13	0.012384453	-0.011959462	0.99637717	8.3069654e-07	-8.02192e-07	1
0	0.007651805	-0.007428559	0.99774736	0	0	0.019999987	0.007651805	-0.007428559	0.99774736	-1.7803597e-13	2.2114493e-15	1.0073161e-18	-1.7596477e-13	0.015302584	-0.0148561215	0.9954947	1.0264839e-06	-9.96538e-07	1
0	0.010000984	-0.009782552	0.9970312	0	0	0.014999987	0.010000984	-0.009782552	0.99703133	-1.78033e-13	2.208312e-15	1.1109761e-18	-1.7592943e-13	0.020000627	-0.01956379	0.9940625	1.3416918e-06	-1.3123909e-06	1
0	0.01433957	-0.014181826	0.9956745	0	0	0.009999993	0.01433957	-0.014181826	0.9956745	-1.7802737e-13	2.2023822e-15	1.2666752e-18	-1.758942e-13	0.028677216	-0.028361749	0.99134886	1.9238341e-06	-1.9026754e-06	1
0	0.024629112	-0.024759062	0.9921993	0	0	0.0049999966	0.024629112	-0.024759062	0.9921993	-1.7801274e-13	2.1872932e-15	1.5599368e-18	-1.7585902e-13	0.049254924	-0.049514797	0.98439866	3.3044666e-06	-3.3219094e-06	1
0	0.058658496	-0.05994957	0.9763757	0	0	-9.887924e-17	0.058658496	-0.05994957	0.9763757	-1.7794703e-13	2.120355e-15	2.4893717e-18	-1.7582416e-13	0.11730912	-0.11989109	0.9527514	7.870501e-06	-8.043759e-06	1
0	0.0644163	-0.06585741	0.97207874	0	0	-0.0049999966	0.064416304	-0.06585741	0.97207874	-1.7792972e-13	2.1027421e-15	2.7940252e-18	-1.7578982e-13	0.12882395	-0.131706	0.9441575	8.6431255e-06	-8.836521e-06	1
0	0.0655117	-0.06697953	0.9711757	0	0	-0.009999993	0.0655117	-0.06697953	0.9711757	-1.7792614e-13	2.099072e-15	2.862973e-18	-1.7575547e-13	0.13101462	-0.13395005	0.94235134	8.790151e-06	-8.987133e-06	1
0	0.06677691	-0.06827442	0.9700847	0	0	-0.014999987	0.06677691	-0.06827442	0.97008467	-1.7792179e-13	2.094654e-15	2.9487243e-18	-1.757212e-13	0.13354486	-0.13653968	0.94016945	8.959964e-06	-9.160932e-06	1
0	0.06837641	-0.06991062	0.96865606	0	0	-0.019999987	0.06837642	-0.06991062	0.96865606	-1.7791614e-13	2.0888915e-15	3.061279e-18	-1.7568707e-13	0.13674365	-0.13981187	0.93731225	9.174642e-06	-9.380537e-06	1
0	0.07160303	-0.07321006	0.9656481	0	0	-0.025000023	0.07160303	-0.07321006	0.9656481	-1.7790431e-13	2.076843e-15	3.2929128e-18	-1.7565332e-13	0.14319645	-0.1464103	0.9312962	9.607673e-06	-9.823346e-06	1
0	0.074671485	-0.07634646	0.96263826	0	0	-0.029999973	0.074671485	-0.07634646	0.96263826	-1.778926e-13	2.0648986e-15	3.519936e-18	-1.7561976e-13	0.14933296	-0.15268269	0.92527646	1.0019494e-05	-1.0244293e-05	1
0	0.0016513359	-0.016123567	0.0041721747	0	0	-0.035000023	0.0016513359	-0.016123567	0.004172175	-1.780286e-13	2.2025457e-15	5.0104517e-17	-1.7577494e-13	0.0033024498	-0.03224497	-0.9916557	2.2193358e-07	-2.165104e-06	1
0	0.0013943147	-0.015394607	0.0039552785	0	0	-0.039999973	0.0013943148	-0.015394606	0.0039552785	-1.7802943e-13	2.2033625e-15	5.0083748e-17	-1.7577484e-13	0.0027884422	-0.030787146	-0.99208945	1.8744151e-07	-2.0674345e-06	1
0	0.001245098	-0.014928841	0.0038033642	0	0	-0.045000043	0.001245098	-0.01492884	0.003803364	-1.7802998e-13	2.2039306e-15	5.004251e-17	-1.7577479e-13	0.0024900285	-0.029855676	-0.9923932	1.674208e-07	-2.0050873e-06	1
0	0.001178796	-0.014707619	0.0037141703	0	0	-0.050000045	0.001178796	-0.014707619	0.0037141703	-1.7803025e-13	2.2042449e-15	4.973256e-17	-1.7577496e-13	0.0023574336	-0.029413264	-0.99257165	1.5853765e-07	-1.9755646e-06	1
0	-0.000967617	-0.0066954717	0.0017761058	0	0	-0.05499994	-0.0009676169	-0.0066954717	0.0017761058	-1.7803783e-13	2.211991e-15	4.892589e-17	-1.7577622e-13	-0.0019351041	-0.013390044	-0.9964478	-1.2976851e-07	-8.995658e-07	1
0	-0.001084668	-0.006196849	0.0016763316	0	0	-0.059999947	-0.001084668	-0.006196848	0.0016763317	-1.7803818e-13	2.2123793e-15	4.890301e-17	-1.757762e-13	-0.0021691904	-0.012392865	-0.99664736	-1.4550554e-07	-8.326712e-07	1
0	-0.0011535541	-0.005869991	0.0015975988	0	0	-0.065000035	-0.0011535541	-0.0058699907	0.0015975988	-1.7803847e-13	2.2126764e-15	4.8844724e-17	-1.757762e-13	-0.0023069533	-0.0117391925	-0.9968048	-1.5477099e-07	-7.888301e-07	1
0	-0.0027709745	0.0026366597	0.0007845421	0	0	-0.070000045	-0.0027709745	0.00263666	0.0007845421	-1.7804174e-13	2.2161681e-15	4.7780268e-17	-1.757774e-13	-0.005541577	0.0052729654	-0.99843085	-3.7210899e-07	3.5407135e-07	1
0	-0.0025525643	0.0024277195	0.00071878394	0	0	-0.074999906	-0.0025525643	0.0024277195	0.00071878394	-1.7804199e-13	2.2164557e-15	4.7761865e-17	-1.7577739e-13	-0.0051047863	0.004855113	-0.99856246	-3.427964e-07	3.2602964e-07	1
0	-0.0023637693	0.0022462734	0.0006624996	0	0	-0.079999946	-0.0023637693	0.0022462734	0.0006624996	-1.7804218e-13	2.2167022e-15	4.7744786e-17	-1.7577736e-13	-0.004727221	0.0044922447	-0.998675	-3.1745805e-07	3.0167755e-07	1
0	-0.0022013788	0.0020904853	0.0006139651	0	0	-0.08500003	-0.0022013788	0.0020904853	0.0006139651	-1.7804234e-13	2.2169146e-15	4.772888e-17	-1.7577733e-13	-0.004402462	0.0041806903	-0.998772	-2.9566365e-07	2.8076911e-07	1
0	-0.0020603163	0.001955388	0.0005716878	0	0	-0.090000086	-0.0020603163	0.001955388	0.0005716878	-1.780425e-13	2.2170992e-15	4.7714024e-17	-1.7577732e-13	-0.0041203555	0.0039105136	-0.99885666	-2.7673173e-07	2.626378e-07	1
0	-0.0019354213	0.0018358431	0.00053444755	0	0	-0.09500003	-0.0019354213	0.0018358431	0.00053444755	-1.7804263e-13	2.217262e-15	4.7700098e-17	-1.7577731e-13	-0.0038705822	0.0036714396	-0.99893105	-2.5996948e-07	2.4659346e-07	1
0	-0.0018248847	0.0017301792	0.0005014594	0	0	-0.10000009	-0.0018248847	0.0017301792	0.0005014594	-1.7804273e-13	2.2174063e-15	4.7687022e-17	-1.7577728e-13	-0.003649524	0.003460126	-0.9989971	-2.4513432e-07	2.324122e-07	1
0	-0.0017266722	0.0016364236	0.0004720631	0	0	-0.10499983	-0.0017266723	0.0016364236	0.0004720631	-1.7804284e-13	2.2175348e-15	4.7674694e-17	-1.7577728e-13	-0.003453113	0.0032726275	-0.99905586	-2.3195335e-07	2.1982933e-07	1
0	-0.0016381214	0.0015519324	0.00044565153	0	0	-0.10999988	-0.0016381213	0.0015519324	0.0004456516	-1.7804291e-13	2.21765e-15	4.766306e-17	-1.7577725e-13	-0.0032760224	0.0031036562	-0.9991087	-2.2006888e-07	2.0848967e-07	1
0	-0.001558062	0.0014755954	0.0004218119	0	0	-0.11499984	-0.0015580622	0.0014755952	0.00042181194	-1.78043e-13	2.217754e-15	4.765206e-17	-1.7577724e-13	-0.0031159148	0.0029509922	-0.99915636	-2.0932403e-07	1.9824434e-07	1
0	-0.0014856389	0.0014066015	0.00040021332	0	0	-0.11999989	-0.0014856389	0.0014066014	0.00040021332	-1.7804307e-13	2.2178486e-15	4.764162e-17	-1.7577724e-13	-0.0029710783	0.002813014	-0.99919957	-1.9960413e-07	1.8898464e-07	1
0	-0.0014195719	0.0013436994	0.00038053608	0	0	-0.125	-0.0014195719	0.0013436995	0.00038053608	-1.7804311e-13	2.2179344e-15	4.76317e-17	-1.7577723e-13	-0.0028389532	0.0026872184	-0.9992389	-1.9073724e-07	1.805425e-07	1
0	-0.0013591439	0.0012862013	0.00036254796	0	0	-0.13000007	-0.0013591439	0.0012862013	0.00036254796	-1.7804318e-13	2.2180125e-15	4.7622267e-17	-1.7577721e-13	-0.0027181054	0.0025722298	-0.99927497	-1.8262718e-07	1.7282561e-07	1
0	-0.0013036409	0.0012334151	0.00034603802	0	0	-0.13500017	-0.0013036409	0.0012334152	0.00034603805	-1.7804322e-13	2.2180847e-15	4.7613277e-17	-1.757772e-13	-0.002607107	0.0024666646	-0.9993079	-1.751781e-07	1.6574116e-07	1
0	-0.0012524565	0.0011847594	0.00033083424	0	0	-0.14000009	-0.0012524563	0.0011847595	0.00033083427	-1.7804326e-13	2.2181506e-15	4.76047e-17	-1.7577719e-13	-0.0025047443	0.0023693596	-0.9993383	-1.683086e-07	1.5921106e-07	1
0	-0.001205147	0.0011398059	0.00031679164	0	0	-0.14500023	-0.0012051471	0.001139806	0.00031679164	-1.780433e-13	2.2182116e-15	4.75965e-17	-1.7577717e-13	-0.0024101324	0.0022794586	-0.99936646	-1.619592e-07	1.5317778e-07	1
0	-0.0011612831	0.0010981438	0.00030378305	0	0	-0.14999981	-0.001161283	0.0010981438	0.00030378308	-1.7804336e-13	2.2182688e-15	4.7588644e-17	-1.7577716e-13	-0.00232241	0.0021961397	-0.9993925	-1.560722e-07	1.4758629e-07	1
0	-0.001120484	0.0010594064	0.00029170216	0	0	-0.15500008	-0.001120484	0.0010594066	0.00029170216	-1.780434e-13	2.218321e-15	4.758113e-17	-1.7577717e-13	-0.002240817	0.0021186706	-0.9994166	-1.505965e-07	1.4238732e-07	1
0	-0.0010824439	0.0010233019	0.0002804499	0	0	-0.15999989	-0.0010824439	0.0010233017	0.00028044987	-1.7804341e-13	2.2183702e-15	4.7573913e-17	-1.7577716e-13	-0.0021647422	0.0020464659	-0.9994392	-1.4549116e-07	1.3754168e-07	1
0	-0.0010468907	0.0009895677	0.00026995005	0	0	-0.1650002	-0.0010468907	0.0009895677	0.00026995005	-1.7804344e-13	2.218416e-15	4.756698e-17	-1.7577714e-13	-0.0020936409	0.0019790023	-0.99946016	-1.4071956e-07	1.330142e-07	1
0	-0.0010136066	0.0009579954	0.00026012794	0	0	-0.17000006	-0.0010136066	0.0009579954	0.00026012794	-1.7804345e-13	2.2184587e-15	4.7560318e-17	-1.7577712e-13	-0.002027077	0.0019158619	-0.9994798	-1.3625248e-07	1.2877685e-07	1
0	-0.0009823688	0.0009283721	0.00025092546	0	0	-0.17499986	-0.0009823687	0.0009283721	0.00025092546	-1.7804349e-13	2.2184987e-15	4.7553905e-17	-1.7577714e-13	-0.0019646054	0.0018566194	-0.9994981	-1.3206005e-07	1.2480109e-07	1
0	-0.00095299137	0.0009005199	0.00024228345	0	0	-0.18000017	-0.00095299137	0.00090051995	0.00024228345	-1.7804352e-13	2.2185364e-15	4.754773e-17	-1.7577713e-13	-0.0019058547	0.0018009187	-0.9995154	-1.2811728e-07	1.2106304e-07	1
0	-0.00092531514	0.000874287	0.0002341541	0	0	-0.18499996	-0.00092531514	0.0008742869	0.0002341541	-1.7804353e-13	2.2185714e-15	4.7541772e-17	-1.7577712e-13	-0.001850506	0.0017484564	-0.9995317	-1.2440285e-07	1.1754227e-07	1
0	-0.0008991999	0.0008495385	0.00022649516	0	0	-0.19000006	-0.0008991999	0.0008495385	0.00022649516	-1.7804355e-13	2.2186046e-15	4.753603e-17	-1.757771e-13	-0.0017982789	0.0016989628	-0.999547	-1.208979e-07	1.1422077e-07	1
0	-0.0008745138	0.0008261493	0.00021926613	0	0	-0.19499981	-0.0008745138	0.00082614925	0.00021926613	-1.7804356e-13	2.218636e-15	4.7530483e-17	-1.757771e-13	-0.0017489099	0.0016521874	-0.9995614	-1.1758477e-07	1.1108168e-07	1
0	-0.000828992	0.0007830297	0.00020596571	0	0	-0.20499994	-0.00082899205	0.0007830297	0.00020596571	-1.7804362e-13	2.2186937e-15	4.7519935e-17	-1.757771e-13	-0.0016578727	0.0015659542	-0.9995881	-1.1147529e-07	1.05294575e-07	1
0	-0.00065770873	0.0006209212	0.00015641285	0	0	-0.25499967	-0.00065770873	0.0006209212	0.00015641283	-1.7804371e-13	2.2189085e-15	4.7476028e-17	-1.7577704e-13	-0.0013153289	0.0012417589	-0.99968714	-8.848727e-08	8.353786e-08	1
0	-0.00054500945	0.00051436893	0.00012441285	0	0	-0.30500022	-0.0005450094	0.00051436893	0.00012441285	-1.7804376e-13	2.219047e-15	4.7442656e-17	-1.7577701e-13	-0.0010899454	0.0010286686	-0.9997511	-7.336186e-08	6.923741e-08	1
0	-0.00046526175	0.00043901577	0.00010220333	0	0	-0.3549996	-0.00046526175	0.00043901574	0.00010220333	-1.7804376e-13	2.2191425e-15	4.7416276e-17	-1.7577694e-13	-0.00093046087	0.00087797234	-0.9997956	-6.265894e-08	5.9124247e-08	1
0	-0.00040584203	0.0003828928	8.598608e-05	0	0	-0.40499973	-0.000405842	0.0003828928	8.598608e-05	-1.7804376e-13	2.2192126e-15	4.739481e-17	-1.7577691e-13	-0.0008116294	0.00076573406	-0.99982804	-5.4684214e-08	5.1591968e-08	1
0	-0.00035987305	0.0003394871	7.368262e-05	0	0	-0.45500082	-0.00035987303	0.0003394871	7.368262e-05	-1.7804376e-13	2.2192653e-15	4.737697e-17	-1.7577689e-13	-0.0007196975	0.00067892845	-0.9998527	-4.851475e-08	4.57665e-08	1
0	-0.00032325523	0.00030491818	6.40732e-05	0	0	-0.5050003	-0.0003232552	0.00030491815	6.40732e-05	-1.7804376e-13	2.2193068e-15	4.7361867e-17	-1.7577686e-13	-0.00064646685	0.0006097952	-0.9998718	-4.3600316e-08	4.1127034e-08	1
0	-0.00029339205	0.00027673066	5.6384895e-05	0	0	-0.55500025	-0.00029339205	0.00027673063	5.638489e-05	-1.7804376e-13	2.2193392e-15	4.7348904e-17	-1.7577686e-13	-0.0005867446	0.000553424	-0.99988717	-3.9592432e-08	3.7344023e-08	1
0	-0.00026857847	0.0002533122	5.0119004e-05	0	0	-0.60500026	-0.00026857847	0.0002533122	5.0119004e-05	-1.7804375e-13	2.219366e-15	4.7337654e-17	-1.7577683e-13	-0.0005371207	0.0005065902	-0.99989974	-3.626226e-08	3.420108e-08	1
0	-0.0002476301	0.00023354366	4.492461e-05	0	0	-0.6549993	-0.0002476301	0.00023354366	4.4924607e-05	-1.7804375e-13	2.2193885e-15	4.7327787e-17	-1.7577682e-13	-0.0004952267	0.0004670558	-0.9999101	-3.345083e-08	3.1547987e-08	1
0	-0.00022971338	0.00021663727	4.056075e-05	0	0	-0.70500124	-0.00022971338	0.00021663727	4.056075e-05	-1.7804374e-13	2.219407e-15	4.7319056e-17	-1.7577682e-13	-0.00045939573	0.00043324527	-0.99991894	-3.104631e-08	2.9279043e-08	1
0	-0.00021421167	0.00020201075	3.6852198e-05	0	0	-0.7549992	-0.00021421169	0.00020201075	3.68522e-05	-1.7804371e-13	2.2194228e-15	4.7311283e-17	-1.7577678e-13	-0.00042839439	0.00040399417	-0.99992627	-2.8965886e-08	2.7316073e-08	1
0	-0.00020066914	0.00018923345	3.366803e-05	0	0	-0.80500025	-0.00020066914	0.00018923345	3.366803e-05	-1.7804371e-13	2.2194364e-15	4.7304312e-17	-1.7577678e-13	-0.00040131112	0.00037844133	-0.99993265	-2.7148417e-08	2.5601295e-08	1
0	-0.00018873662	0.00017797577	3.090926e-05	0	0	-0.85500133	-0.00018873662	0.00017797577	3.090926e-05	-1.7804368e-13	2.2194482e-15	4.729802e-17	-1.7577675e-13	-0.00037744775	0.00035592742	-0.9999382	-2.5547035e-08	2.4090472e-08	1
0	-0.00017814316	0.00016798182	2.8500084e-05	0	0	-0.9049992	-0.00017814316	0.00016798182	2.850008e-05	-1.7804367e-13	2.2194584e-15	4.7292318e-17	-1.7577672e-13	-0.00035626214	0.0003359409	-0.999943	-2.4125363e-08	2.274925e-08	1
0	-0.00016867503	0.00015904984	2.6383304e-05	0	0	-0.95500135	-0.00016867503	0.00015904984	2.63833e-05	-1.7804366e-13	2.2194675e-15	4.7287123e-17	-1.7577671e-13	-0.00033732722	0.00031807818	-0.99994725	-2.2854735e-08	2.1550568e-08	1
0	-0.00016097484	0.00015178592	2.4685978e-05	0	0	-1	-0.00016097484	0.00015178593	2.4685976e-05	-1.7804366e-13	2.2194743e-15	4.7282828e-17	-1.7577672e-13	-0.00032192786	0.0003035513	-0.99995065	-2.1821366e-08	2.0575747e-08	1
0	-0.00016957262	0.0001598961	2.6582811e-05	0	0	-0.94999886	-0.00016957262	0.0001598961	2.6582811e-05	-1.7804366e-13	2.2194665e-15	4.728762e-17	-1.7577671e-13	-0.00033912229	0.00031977057	-0.9999468	-2.2975184e-08	2.1664134e-08	1
0	-0.00017914394	0.00016892547	2.8727482e-05	0	0	-0.900001	-0.00017914394	0.00016892547	2.8727482e-05	-1.7804367e-13	2.2194571e-15	4.7292864e-17	-1.7577672e-13	-0.00035826367	0.00033782807	-0.99994254	-2.4259666e-08	2.2875886e-08	1
0	-0.000189859	0.00017903425	3.116795e-05	0	0	-0.849999	-0.000189859	0.00017903424	3.116795e-05	-1.7804368e-13	2.2194472e-15	4.7298618e-17	-1.7577675e-13	-0.00037969227	0.00035804426	-0.99993765	-2.5697643e-08	2.423251e-08	1
0	-0.00020193736	0.00019042961	3.3964385e-05	0	0	-0.8000007	-0.00020193736	0.00019042961	3.3964385e-05	-1.7804371e-13	2.2194353e-15	4.7304974e-17	-1.7577678e-13	-0.00040384743	0.0003808335	-0.99993205	-2.7318606e-08	2.576181e-08	1
0	-0.00021565674	0.00020337381	3.7198915e-05	0	0	-0.75	-0.00021565674	0.00020337381	3.7198915e-05	-1.7804371e-13	2.2194214e-15	4.7312025e-17	-1.7577678e-13	-0.00043128437	0.0004067201	-0.9999256	-2.9159802e-08	2.7498984e-08	1
0	-0.00023137548	0.00021820518	4.096436e-05	0	0	-0.69999945	-0.00023137548	0.00021820518	4.096436e-05	-1.7804375e-13	2.2194055e-15	4.7319883e-17	-1.7577682e-13	-0.00046271973	0.00043638085	-0.99991804	-3.1269344e-08	2.948944e-08	1
0	-0.00024956014	0.00023536454	4.54016e-05	0	0	-0.6500008	-0.00024956017	0.00023536454	4.54016e-05	-1.7804375e-13	2.2193864e-15	4.732872e-17	-1.7577682e-13	-0.0004990866	0.00047069727	-0.99990916	-3.370983e-08	3.179234e-08	1
0	-0.0002708493	0.00025545488	5.069148e-05	0	0	-0.59999925	-0.0002708493	0.00025545488	5.069148e-05	-1.7804375e-13	2.2193638e-15	4.7338713e-17	-1.7577683e-13	-0.0005416621	0.00051087525	-0.9998986	-3.6566988e-08	3.4488608e-08	1
0	-0.00029610735	0.00027929273	5.7083795e-05	0	0	-0.5499998	-0.00029610732	0.00027929273	5.7083795e-05	-1.7804376e-13	2.2193364e-15	4.7350118e-17	-1.7577686e-13	-0.0005921747	0.00055854773	-0.99988574	-3.9956813e-08	3.7687848e-08	1
0	-0.00032654934	0.0003080269	6.493536e-05	0	0	-0.5	-0.00032654934	0.00030802694	6.493537e-05	-1.7804376e-13	2.2193028e-15	4.736327e-17	-1.7577687e-13	-0.00065305457	0.0006160123	-0.9998702	-4.4042373e-08	4.1544222e-08	1
0	-0.00036397835	0.00034336065	7.477513e-05	0	0	-0.4500005	-0.00036397835	0.00034336065	7.477513e-05	-1.7804378e-13	2.2192606e-15	4.7378616e-17	-1.7577689e-13	-0.00072790764	0.00068667496	-0.99985045	-4.9065704e-08	4.628635e-08	1
0	-0.00041106285	0.00038781992	8.74043e-05	0	0	-0.40000036	-0.00041106285	0.00038781992	8.74043e-05	-1.7804376e-13	2.2192064e-15	4.7396784e-17	-1.7577691e-13	-0.0008220703	0.00077558757	-0.9998252	-5.538488e-08	5.2253206e-08	1
0	-0.00047213302	0.00044550103	0.00010410716	0	0	-0.34999973	-0.00047213302	0.00044550103	0.00010410716	-1.7804376e-13	2.2191344e-15	4.7418665e-17	-1.7577695e-13	-0.0009442024	0.0008909421	-0.9997918	-6.35811e-08	5.999461e-08	1
0	-0.00055445894	0.0005232933	0.00012708126	0	0	-0.29999962	-0.000554459	0.0005232932	0.00012708126	-1.7804375e-13	2.2190353e-15	4.7445627e-17	-1.7577701e-13	-0.0011088434	0.0010465159	-0.9997458	-7.463008e-08	7.043513e-08	1
0	-0.00067151384	0.000633974	0.00016038698	0	0	-0.25	-0.00067151384	0.000633974	0.00016038698	-1.7804368e-13	2.218891e-15	4.7479863e-17	-1.7577702e-13	-0.0013429375	0.0012678626	-0.9996792	-9.034005e-08	8.528966e-08	1
0	-0.00087440404	0.0008260436	0.00021925525	0	0	-0.19499981	-0.00087440404	0.0008260436	0.00021925523	-1.7804356e-13	2.2186364e-15	4.753048e-17	-1.7577709e-13	-0.0017486904	0.0016519763	-0.99956155	-1.1757003e-07	1.110675e-07	1
0	-0.00089909276	0.00084942934	0.00022648297	0	0	-0.19000006	-0.0008990928	0.00084942934	0.00022648295	-1.7804355e-13	2.2186046e-15	4.7536025e-17	-1.757771e-13	-0.0017980647	0.0016987446	-0.99954706	-1.2088353e-07	1.14206124e-07	1
0	-0.00092520466	0.00087417534	0.00023414196	0	0	-0.18499996	-0.0009252046	0.0008741752	0.00023414196	-1.7804353e-13	2.2185714e-15	4.754177e-17	-1.7577712e-13	-0.0018502849	0.0017482331	-0.99953175	-1.2438801e-07	1.1752729e-07	1
0	-0.0009528699	0.00090039836	0.00024226973	0	0	-0.18000017	-0.0009528699	0.00090039836	0.00024226973	-1.7804352e-13	2.2185364e-15	4.7547728e-17	-1.7577713e-13	-0.0019056117	0.0018006756	-0.9995155	-1.2810098e-07	1.210467e-07	1
0	-0.0009822397	0.0009282452	0.00025091114	0	0	-0.17499986	-0.0009822397	0.0009282452	0.00025091114	-1.7804349e-13	2.2184985e-15	4.75539e-17	-1.7577713e-13	-0.0019643474	0.0018563656	-0.9994982	-1.3204271e-07	1.2478405e-07	1
0	-0.0010134717	0.00095786474	0.0002601131	0	0	-0.17000006	-0.0010134716	0.00095786474	0.0002601131	-1.7804345e-13	2.2184587e-15	4.756031e-17	-1.7577712e-13	-0.002026807	0.0019156007	-0.9994798	-1.3623436e-07	1.2875931e-07	1
0	-0.0010467472	0.0009894308	0.00026993366	0	0	-0.1650002	-0.0010467472	0.0009894308	0.00026993366	-1.7804344e-13	2.218416e-15	4.7566975e-17	-1.7577714e-13	-0.002093354	0.0019787285	-0.99946016	-1.4070031e-07	1.3299581e-07	1
0	-0.0010822804	0.001023148	0.00028043243	0	0	-0.15999989	-0.0010822804	0.001023148	0.00028043243	-1.7804343e-13	2.2183702e-15	4.7573907e-17	-1.7577716e-13	-0.0021644155	0.0020461585	-0.9994391	-1.4546922e-07	1.3752104e-07	1
0	-0.001120277	0.0010592147	0.0002916817	0	0	-0.15500008	-0.001120277	0.0010592148	0.0002916817	-1.780434e-13	2.2183215e-15	4.7581123e-17	-1.7577717e-13	-0.0022404036	0.0021182871	-0.99941665	-1.5056874e-07	1.4236156e-07	1
0	-0.0011609849	0.0010978659	0.0003037561	0	0	-0.14999981	-0.0011609849	0.0010978659	0.0003037561	-1.7804336e-13	2.218269e-15	4.7588644e-17	-1.7577717e-13	-0.0023218137	0.002195584	-0.99939245	-1.5603213e-07	1.4754893e-07	1
0	-0.0012049258	0.0011396063	0.0003167691	0	0	-0.14500023	-0.0012049259	0.0011396063	0.00031676912	-1.780433e-13	2.2182126e-15	4.759649e-17	-1.7577717e-13	-0.0024096896	0.0022790597	-0.99936646	-1.6192949e-07	1.53151e-07	1
0	-0.0012522172	0.0011845452	0.00033081006	0	0	-0.14000009	-0.0012522173	0.0011845452	0.00033081006	-1.7804326e-13	2.2181512e-15	4.7604694e-17	-1.7577719e-13	-0.002504266	0.0023689312	-0.9993384	-1.682765e-07	1.5918226e-07	1
0	-0.0013033535	0.0012331592	0.0003460095	0	0	-0.13500017	-0.0013033533	0.0012331592	0.00034600947	-1.7804322e-13	2.2180847e-15	4.761327e-17	-1.757772e-13	-0.002606532	0.0024661527	-0.99930793	-1.7513952e-07	1.657068e-07	1
0	-0.0013588045	0.0012858991	0.00036251557	0	0	-0.13000007	-0.0013588045	0.0012858992	0.00036251557	-1.7804318e-13	2.2180125e-15	4.7622264e-17	-1.7577721e-13	-0.0027174265	0.0025716256	-0.99927497	-1.8258159e-07	1.7278506e-07	1
0	-0.0014192056	0.0013433786	0.0003805002	0	0	-0.125	-0.0014192056	0.0013433786	0.0003805002	-1.7804311e-13	2.2179346e-15	4.7631693e-17	-1.7577721e-13	-0.0028382202	0.002686577	-0.99923897	-1.9068804e-07	1.8049943e-07	1
0	-0.0014851794	0.0014061965	0.00040016888	0	0	-0.11999989	-0.0014851794	0.0014061965	0.00040016888	-1.7804307e-13	2.2178488e-15	4.764161e-17	-1.7577724e-13	-0.0029701595	0.002812204	-0.9991997	-1.9954243e-07	1.8893026e-07	1
0	-0.0015575341	0.0014751321	0.00042176258	0	0	-0.11499984	-0.0015575341	0.0014751318	0.00042176258	-1.78043e-13	2.2177544e-15	4.7652045e-17	-1.7577724e-13	-0.0031148589	0.0029500658	-0.9991565	-2.0925312e-07	1.9818212e-07	1
0	-0.001636752	0.0015506283	0.00044553698	0	0	-0.10999988	-0.001636752	0.0015506283	0.00044553698	-1.7804294e-13	2.2176506e-15	4.7663053e-17	-1.7577728e-13	-0.0032732843	0.0031010488	-0.9991089	-2.1988481e-07	2.0831436e-07	1
0	-0.0017256712	0.0016355183	0.0004719745	0	0	-0.10499983	-0.0017256713	0.0016355183	0.0004719745	-1.7804284e-13	2.217535e-15	4.7674687e-17	-1.7577728e-13	-0.003451111	0.003270817	-0.999056	-2.3181886e-07	2.1970766e-07	1
0	-0.001823698	0.0017290877	0.00050135737	0	0	-0.10000009	-0.001823698	0.0017290877	0.00050135737	-1.7804273e-13	2.2174071e-15	4.7687012e-17	-1.7577728e-13	-0.0036471512	0.003457943	-0.9989973	-2.4497493e-07	2.3226553e-07	1
0	-0.0019344197	0.0018349527	0.0005343595	0	0	-0.09500003	-0.0019344196	0.001834953	0.0005343595	-1.7804263e-13	2.2172627e-15	4.770009e-17	-1.7577731e-13	-0.0038685796	0.0036696596	-0.9989313	-2.59835e-07	2.4647392e-07	1
0	-0.0020583651	0.0019535294	0.0005715274	0	0	-0.090000086	-0.0020583651	0.0019535294	0.0005715274	-1.780425e-13	2.2171003e-15	4.7714018e-17	-1.7577732e-13	-0.004116454	0.003906796	-0.9988569	-2.7646962e-07	2.6238797e-07	1
0	-0.002200096	0.0020893505	0.0006138532	0	0	-0.08500003	-0.002200096	0.0020893507	0.0006138533	-1.7804237e-13	2.2169152e-15	4.7728874e-17	-1.7577736e-13	-0.0043998966	0.004178421	-0.9987723	-2.954914e-07	2.8061675e-07	1
0	-0.0023618496	0.0022444862	0.0006623399	0	0	-0.079999946	-0.0023618496	0.0022444862	0.0006623399	-1.7804218e-13	2.216703e-15	4.774478e-17	-1.7577736e-13	-0.004723382	0.004488671	-0.99867535	-3.1720023e-07	3.0143747e-07	1
0	-0.002550248	0.0024255768	0.0007185896	0	0	-0.074999906	-0.002550248	0.002425577	0.0007185895	-1.7804199e-13	2.216457e-15	4.776186e-17	-1.7577739e-13	-0.0051001534	0.0048508286	-0.9985628	-3.424853e-07	3.2574184e-07	1
0	-0.0027695645	0.0026366261	0.0007843964	0	0	-0.070000045	-0.0027695645	0.0026366261	0.0007843964	-1.7804174e-13	2.2161687e-15	4.7780265e-17	-1.757774e-13	-0.005538757	0.005272898	-0.9984312	-3.7191955e-07	3.5406669e-07	1
0	-0.0030313618	0.0028892735	0.0008626633	0	0	-0.065000035	-0.0030313614	0.0028892735	0.0008626633	-1.7804146e-13	2.2158257e-15	4.7800174e-17	-1.7577744e-13	-0.0060623162	0.005778159	-0.99827474	-4.0705532e-07	3.8797467e-07	1
0	-0.0033459673	0.003193413	0.0009570542	0	0	-0.059999947	-0.0033459673	0.0031934124	0.00095705426	-1.7804113e-13	2.2154123e-15	4.782182e-17	-1.7577746e-13	-0.0066914856	0.006386397	-0.9980859	-4.4927828e-07	4.2879304e-07	1
0	-0.0037341488	0.003569912	0.0010733415	0	0	-0.05499994	-0.003734149	0.003569912	0.0010733414	-1.7804067e-13	2.2149024e-15	4.7845424e-17	-1.7577751e-13	-0.007467796	0.0071393442	-0.99785334	-5.0137595e-07	4.793231e-07	1
0	-0.0042245723	0.004047277	0.0012201343	0	0	-0.050000045	-0.0042245723	0.004047277	0.0012201343	-1.7804009e-13	2.214259e-15	4.7871288e-17	-1.7577754e-13	-0.0084485775	0.00809401	-0.99755967	-5.6719546e-07	5.433904e-07	1
0	-0.0048576808	0.0046660313	0.0014106648	0	0	-0.045000043	-0.0048576808	0.0046660313	0.001410665	-1.7803936e-13	2.213424e-15	4.7899723e-17	-1.7577759e-13	-0.009714709	0.009331435	-0.9971786	-6.521641e-07	6.2643306e-07	1
0	-0.0057154354	0.005508912	0.0016688739	0	0	-0.039999973	-0.0057154354	0.0055089113	0.0016688739	-1.7803833e-13	2.2122915e-15	4.7931007e-17	-1.7577765e-13	-0.011430103	0.011017084	-0.9966623	-7.672826e-07	7.3955573e-07	1
0	-0.0069488324	0.00672933	0.002039425	0	0	-0.035000023	-0.0069488324	0.0067293304	0.0020394248	-1.7803684e-13	2.210667e-15	4.796517e-17	-1.757777e-13	-0.013896732	0.0134577565	-0.99592113	-9.328162e-07	9.033482e-07	1
0	-0.008837473	0.008613674	0.0026124148	0	0	-0.029999973	-0.008837472	0.008613674	0.0026124148	-1.7803451e-13	2.2081573e-15	4.8001367e-17	-1.757778e-13	-0.017673759	0.017226193	-0.9947752	-1.1862884e-06	1.1562448e-06	1
0	-0.012077786	0.011881034	0.003614582	0	0	-0.025000023	-0.012077786	0.011881034	0.003614582	-1.7803035e-13	2.2037756e-15	4.8034977e-17	-1.7577789e-13	-0.024153952	0.023760471	-0.99277085	-1.6211652e-06	1.5947528e-06	1
0	-0.019131802	0.019096123	0.0058543207	0	0	-0.019999987	-0.019131802	0.019096123	0.0058543207	-1.7802094e-13	2.1940226e-15	4.803967e-17	-1.7577805e-13	-0.038261034	0.038189687	-0.9882913	-2.5678737e-06	2.5630793e-06	1
0	-0.03970215	0.040373456	0.013713835	0	0	-0.014999987	-0.03970215	0.040373456	0.013713835	-1.7798793e-13	2.1602625e-15	4.782773e-17	-1.7577839e-13	-0.079398975	0.080741495	-0.9725724	-5.3285266e-06	5.418609e-06	1
0	-0.0593379	0.06059852	0.025945611	0	0	-0.009999993	-0.0593379	0.060598515	0.025945611	-1.7793782e-13	2.1092806e-15	4.7463935e-17	-1.7577923e-13	-0.11866783	0.1211889	-0.9481088	-7.963221e-06	8.132364e-06	1
0	-0.060145132	0.061426826	0.026581736	0	0	-0.0049999966	-0.060145136	0.061426826	0.026581734	-1.7793525e-13	2.1066838e-15	4.7454657e-17	-1.757802e-13	-0.12028219	0.12284541	-0.9468365	-8.070777e-06	8.242731e-06	1
0	-0.06129894	0.06260861	0.027551748	0	0	9.887924e-17	-0.06129894	0.0626086	0.027551748	-1.779314e-13	2.102737e-15	4.744322e-17	-1.7578121e-13	-0.12258966	0.12520881	-0.9448965	-8.224819e-06	8.40051e-06	1
0	-0.063123666	0.06447598	0.029155094	0	0	0.0049999966	-0.063123666	0.06447598	0.029155094	-1.7792503e-13	2.0962403e-15	4.7423267e-17	-1.7578239e-13	-0.12623885	0.12894331	-0.94168985	-8.468851e-06	8.650246e-06	1
0	-0.064915925	0.066309124	0.030794615	0	0	0.009999993	-0.064915925	0.066309124	0.030794613	-1.7791854e-13	2.0896324e-15	4.7401598e-17	-1.757837e-13	-0.12982315	0.13260935	-0.93841076	-8.7084845e-06	8.895347e-06	1
0	-0.06737973	0.06882797	0.03314307	0	0	0.014999987	-0.06737973	0.06882797	0.033143066	-1.7790931e-13	2.0802265e-15	4.7368134e-17	-1.7578524e-13	-0.13475041	0.1376467	-0.93371385	-9.038164e-06	9.232388e-06	1
0	-0.07410874	0.07570305	0.04004375	0	0	0.019999987	-0.07410874	0.07570305	0.04004375	-1.778825e-13	2.0529853e-15	4.724552e-17	-1.7578793e-13	-0.14820756	0.15139595	-0.9199125	-9.939914e-06	1.0153706e-05	1
0	-0.005851918	0.016324436	0.99225986	0	0	0.025000023	-0.005851918	0.016324436	0.99225986	-1.7802163e-13	2.1970247e-15	5.4041202e-18	-1.7599478e-13	-0.011703051	0.032646682	0.9845197	-7.854484e-07	2.1904484e-06	1
0	-0.0053863158	0.015575415	0.9925402	0	0	0.029999973	-0.0053863158	0.0155754145	0.9925402	-1.7802255e-13	2.1979827e-15	5.361293e-18	-1.7602997e-13	-0.010771908	0.03114874	0.9850803	-7.2297695e-07	2.0899447e-06	1
0	-0.0049676	0.014866799	0.9928299	0	0	0.035000023	-0.0049676	0.014866799	0.9928299	-1.7802349e-13	2.198951e-15	5.3086103e-18	-1.7606519e-13	-0.009934533	0.029731605	0.98565984	-6.667965e-07	1.994863e-06	1
0	-0.0046455255	0.014298729	0.9930818	0	0	0.039999973	-0.0046455255	0.01429873	0.9930818	-1.7802432e-13	2.1997763e-15	5.24008e-18	-1.7610045e-13	-0.009290427	0.02859554	0.9861635	-6.2358424e-07	1.9186334e-06	1
0	-0.004527119	0.01408669	0.99318933	0	0	0.045000043	-0.004527119	0.01408669	0.99318933	-1.7802461e-13	2.2001175e-15	5.0736757e-18	-1.7613577e-13	-0.00905363	0.02817149	0.98637885	-6.077024e-07	1.8901501e-06	1
0	-0.0012516223	0.008027161	0.995657	0	0	0.050000045	-0.0012516223	0.008027161	0.995657	-1.780324e-13	2.2081452e-15	3.841356e-18	-1.7617277e-13	-0.0025030763	0.016053243	0.99131405	-1.6822597e-07	1.0771195e-06	1
0	-0.0009377406	0.007462517	0.99588215	0	0	0.05499994	-0.0009377406	0.0074625174	0.9958821	-1.7803307e-13	2.208845e-15	3.78059e-18	-1.7620813e-13	-0.001875355	0.014924033	0.99176437	-1.2611635e-07	1.0013492e-06	1
0	-0.0006883581	0.007000787	0.99608386	0	0	0.059999947	-0.0006883581	0.007000787	0.9960838	-1.7803365e-13	2.2094624e-15	3.7109738e-18	-1.762435e-13	-0.0013766235	0.014000635	0.99216753	-9.2659555e-08	9.3938627e-07	1
0	-0.0005603272	0.0067550493	0.99620825	0	0	0.065000035	-0.00056032714	0.0067550493	0.99620825	-1.7803397e-13	2.20983e-15	3.5808413e-18	-1.7627887e-13	-0.0011205788	0.013509194	0.9924165	-7.547559e-08	9.06395e-07	1
0	0.00041174478	0.0049856086	0.99710214	0	0	0.070000045	0.00041174475	0.004985609	0.99710214	-1.7803653e-13	2.2125235e-15	2.3154547e-18	-1.7631571e-13	0.0008234346	0.009970549	0.9942042	5.4905414e-08	6.68943e-07	1
0	0.00071955443	0.0044867205	0.997379	0	0	0.074999906	0.00071955443	0.00448672	0.997379	-1.7803715e-13	2.2131974e-15	2.1220266e-18	-1.7635128e-13	0.0014390126	0.0089728385	0.9947579	9.619012e-08	6.01982e-07	1
0	0.00096669776	0.0040925792	0.99764127	0	0	0.079999946	0.0009666977	0.004092579	0.99764127	-1.7803764e-13	2.2137462e-15	1.9002764e-18	-1.7638689e-13	0.0019332661	0.008184608	0.9952824	1.2934119e-07	5.490863e-07	1
0	0.0012015958	0.003693088	0.9979547	0	0	0.08500003	0.0012015956	0.003693088	0.9979547	-1.7803815e-13	2.214335e-15	1.6006466e-18	-1.7642261e-13	0.0024030304	0.00738568	0.99590945	1.6086335e-07	4.9549715e-07	1
0	0.001767	-0.0016744401	0.99951565	0	0	0.090000086	0.001767	-0.0016744401	0.99951565	-1.780428e-13	2.2192039e-15	5.396983e-19	-1.7645976e-13	0.0035337629	-0.0033486555	0.9990314	2.368751e-07	-2.2446758e-07	1
0	0.0016749252	-0.0015870231	0.99954325	0	0	0.09500003	0.0016749252	-0.0015870231	0.9995433	-1.7804288e-13	2.2193244e-15	5.251743e-19	-1.7649513e-13	0.003349626	-0.0031738332	0.9990867	2.2452073e-07	-2.1273814e-07	1
0	0.0015917681	-0.0015077406	0.99956816	0	0	0.10000009	0.0015917681	-0.0015077406	0.9995681	-1.7804295e-13	2.2194328e-15	5.115549e-19	-1.765305e-13	0.003183323	-0.0030152795	0.9991364	2.13363e-07	-2.0210034e-07	1
0	0.0015159794	-0.0014354996	0.99959075	0	0	0.10499983	0.0015159794	-0.0014354998	0.99959075	-1.7804306e-13	2.2195315e-15	4.9875114e-19	-1.7656589e-13	0.0030317556	-0.002870807	0.99918145	2.031939e-07	-1.9240728e-07	1
0	0.0014473711	-0.0013701658	0.9996112	0	0	0.10999988	0.0014473712	-0.0013701658	0.9996112	-1.7804309e-13	2.2196208e-15	4.866852e-19	-1.7660125e-13	0.0028945482	-0.002740148	0.99922246	1.9398827e-07	-1.8364102e-07	1
0	0.0013845213	-0.0013103448	0.99962986	0	0	0.11499984	0.0013845211	-0.0013103448	0.99963	-1.7804317e-13	2.2197024e-15	4.7528495e-19	-1.7663665e-13	0.002768857	-0.0026205142	0.99925977	1.8555531e-07	-1.7561447e-07	1
0	0.0013271164	-0.0012557439	0.99964696	0	0	0.11999989	0.0013271164	-0.0012557439	0.999647	-1.780432e-13	2.2197769e-15	4.644928e-19	-1.76672e-13	0.002654055	-0.0025113192	0.99929404	1.7785293e-07	-1.6828835e-07	1
0	0.0012740764	-0.0012053115	0.99966276	0	0	0.125	0.0012740764	-0.0012053115	0.99966276	-1.7804326e-13	2.219846e-15	4.5425306e-19	-1.767074e-13	0.0025479821	-0.0024104617	0.9993255	1.707362e-07	-1.6152153e-07	1
0	0.0012250799	-0.0011587439	0.9996773	0	0	0.13000007	0.0012250799	-0.0011587439	0.9996773	-1.7804329e-13	2.2199092e-15	4.4452097e-19	-1.7674278e-13	0.0024499958	-0.0023173327	0.9993546	1.6416203e-07	-1.5527327e-07	1
0	0.0011797826	-0.0011157128	0.9996908	0	0	0.13500017	0.0011797826	-0.0011157127	0.9996908	-1.7804334e-13	2.219968e-15	4.352549e-19	-1.7677813e-13	0.002359407	-0.002231276	0.9993815	1.5808419e-07	-1.4949951e-07	1
0	0.0011376936	-0.0010757452	0.9997032	0	0	0.14000009	0.0011376936	-0.0010757452	0.9997032	-1.7804337e-13	2.2200221e-15	4.2641833e-19	-1.7681356e-13	0.0022752348	-0.0021513463	0.99940646	1.5243687e-07	-1.4413683e-07	1
0	0.0010985062	-0.0010385455	0.99971473	0	0	0.14500023	0.0010985062	-0.0010385455	0.9997148	-1.7804341e-13	2.220073e-15	4.1797915e-19	-1.7684892e-13	0.0021968652	-0.002076952	0.9994296	1.4717884e-07	-1.3914553e-07	1
0	0.0010619203	-0.0010038271	0.9997256	0	0	0.14999981	0.0010619202	-0.001003827	0.9997256	-1.7804343e-13	2.2201197e-15	4.099079e-19	-1.7688429e-13	0.0021236984	-0.0020075198	0.99945116	1.4226987e-07	-1.3448714e-07	1
0	0.001027684	-0.00097134756	0.99973565	0	0	0.15500008	0.001027684	-0.0009713476	0.99973565	-1.7804345e-13	2.2201636e-15	4.0217868e-19	-1.7691966e-13	0.0020552303	-0.001942565	0.99947137	1.376762e-07	-1.301292e-07	1
0	0.0009955836	-0.0009409033	0.99974513	0	0	0.15999989	0.0009955836	-0.0009409033	0.99974513	-1.7804349e-13	2.2202046e-15	3.947679e-19	-1.7695508e-13	0.0019910338	-0.0018816805	0.9994904	1.3336908e-07	-1.2604428e-07	1
0	0.000965423	-0.00091230613	0.9997541	0	0	0.1650002	0.000965423	-0.0009123062	0.99975413	-1.7804352e-13	2.2202436e-15	3.8765452e-19	-1.7699046e-13	0.0019307167	-0.00182449	0.9995081	1.2932226e-07	-1.2220724e-07	1
0	0.0009370358	-0.0008853958	0.99976236	0	0	0.17000006	0.0009370358	-0.00088539574	0.99976236	-1.7804353e-13	2.2202798e-15	3.8081883e-19	-1.7702583e-13	0.001873946	-0.0017706731	0.99952483	1.2551338e-07	-1.18596546e-07	1
0	0.0009102659	-0.0008600247	0.99977034	0	0	0.17499986	0.00091026584	-0.0008600246	0.99977034	-1.7804353e-13	2.220314e-15	3.7424363e-19	-1.7706119e-13	0.0018204096	-0.001719934	0.99954057	1.2192149e-07	-1.1519235e-07	1
0	0.0008849802	-0.0008360652	0.9997776	0	0	0.18000017	0.0008849802	-0.0008360652	0.9997776	-1.7804356e-13	2.220346e-15	3.679127e-19	-1.7709659e-13	0.0017698416	-0.0016720186	0.99955535	1.18528746e-07	-1.1197758e-07	1
0	0.0008610558	-0.0008134005	0.9997847	0	0	0.18499996	0.0008610558	-0.0008134005	0.99978465	-1.7804359e-13	2.2203764e-15	3.6181144e-19	-1.7713198e-13	0.0017219961	-0.0016266921	0.9995693	1.1531868e-07	-1.0893654e-07	1
0	0.00083838694	-0.0007919285	0.9997913	0	0	0.19000006	0.00083838694	-0.0007919285	0.9997913	-1.7804362e-13	2.220405e-15	3.5592623e-19	-1.7716738e-13	0.0016766618	-0.001583751	0.9995825	1.12277085e-07	-1.0605551e-07	1
0	0.00081688265	-0.00077156356	0.9997976	0	0	0.19499981	0.00081688253	-0.00077156356	0.9997975	-1.7804364e-13	2.2204323e-15	3.5024515e-19	-1.7720276e-13	0.0016336556	-0.0015430236	0.99959517	1.0939171e-07	-1.0332304e-07	1
0	0.00077701855	-0.0007338192	0.99980915	0	0	0.20499994	0.00077701855	-0.0007338192	0.9998091	-1.7804364e-13	2.2204825e-15	3.3944982e-19	-1.772735e-13	0.0015539328	-0.0014675402	0.99961835	1.04042925e-07	-9.825867e-08	1
0	0.0006245347	-0.00058954844	0.999853	0	0	0.25499967	0.0006245346	-0.0005895485	0.999853	-1.7804374e-13	2.2206733e-15	2.9457254e-19	-1.7762736e-13	0.0012489855	-0.001179018	0.99970615	8.3583345e-08	-7.8901145e-08	1
0	0.00052201847	-0.000492641	0.99988204	0	0	0.30500022	0.00052201847	-0.000492641	0.99988204	-1.7804376e-13	2.2207982e-15	2.6052467e-19	-1.779812e-13	0.0010439672	-0.0009852161	0.9997641	6.982827e-08	-6.589862e-08	1
0	0.0004483851	-0.00042307377	0.9999024	0	0	0.3549996	0.0004483851	-0.00042307377	0.9999024	-1.7804376e-13	2.2208863e-15	2.336418e-19	-1.7833505e-13	0.00089671026	-0.000846091	0.99980485	5.994856e-08	-5.6564517e-08	1
0	0.00039294735	-0.00037071612	0.99991745	0	0	0.40499973	0.00039294735	-0.00037071612	0.9999175	-1.7804376e-13	2.220951e-15	2.1179149e-19	-1.786889e-13	0.0007858422	-0.0007413827	0.9998351	5.251028e-08	-4.9539516e-08	1
0	0.00034969143	-0.00032987483	0.999929	0	0	0.45500082	0.00034969143	-0.00032987483	0.999929	-1.7804376e-13	2.2210009e-15	1.9363387e-19	-1.7904278e-13	0.0006993361	-0.00065970566	0.999858	4.6706507e-08	-4.4059732e-08	1
0	0.000315013	-0.0002971383	0.99993813	0	0	0.5050003	0.000315013	-0.0002971383	0.99993813	-1.7804376e-13	2.2210394e-15	1.7827854e-19	-1.7939666e-13	0.000629984	-0.00059423695	0.99987614	4.2053628e-08	-3.9667412e-08	1
0	0.0002865854	-0.0002703067	0.99994534	0	0	0.55500025	0.0002865854	-0.0002703067	0.99994534	-1.7804376e-13	2.221071e-15	1.651069e-19	-1.7975054e-13	0.0005731326	-0.00054057734	0.9998907	3.8239463e-08	-3.6067384e-08	1
0	0.00026286213	-0.0002479178	0.99995136	0	0	0.60500026	0.00026286213	-0.0002479178	0.9999513	-1.7804375e-13	2.2210964e-15	1.536744e-19	-1.8010441e-13	0.0005256892	-0.00049580255	0.9999026	3.5056487e-08	-3.306346e-08	1
0	0.00024276669	-0.00022895433	0.9999563	0	0	0.6549993	0.0002427667	-0.00022895432	0.9999563	-1.7804375e-13	2.2211175e-15	1.4365205e-19	-1.804583e-13	0.00048550102	-0.0004578781	0.99991244	3.2360298e-08	-3.0519146e-08	1
0	0.00022552101	-0.0002126815	0.9999604	0	0	0.70500124	0.00022552103	-0.0002126815	0.9999605	-1.7804372e-13	2.2211353e-15	1.347905e-19	-1.8081218e-13	0.00045101202	-0.00042533467	0.9999209	3.0046465e-08	-2.8335847e-08	1
0	0.00021056134	-0.00019856657	0.99996406	0	0	0.7549992	0.00021056132	-0.00019856659	0.999964	-1.7804371e-13	2.2211506e-15	1.2689708e-19	-1.8116604e-13	0.00042109462	-0.0003971067	0.99992806	2.8039361e-08	-2.6442084e-08	1
0	0.00019746095	-0.00018620671	0.9999671	0	0	0.80500025	0.00019746095	-0.00018620671	0.9999671	-1.7804368e-13	2.2211635e-15	1.1982028e-19	-1.815199e-13	0.00039489561	-0.00037238866	0.9999342	2.6281722e-08	-2.4783805e-08	1
0	0.00018589628	-0.00017529613	0.9999698	0	0	0.85500133	0.00018589628	-0.00017529611	0.9999697	-1.7804367e-13	2.221175e-15	1.1343895e-19	-1.8187379e-13	0.00037176785	-0.00035056894	0.99993944	2.4730141e-08	-2.3319988e-08	1
0	0.00017561033	-0.0001655924	0.9999721	0	0	0.9049992	0.00017561033	-0.0001655924	0.9999721	-1.7804367e-13	2.2211849e-15	1.07655314e-19	-1.8222769e-13	0.00035119735	-0.00033116277	0.99994415	2.3350136e-08	-2.2018096e-08	1
0	0.00016640281	-0.00015690633	0.99997413	0	0	0.95500135	0.00016640281	-0.00015690633	0.99997413	-1.7804366e-13	2.221193e-15	1.02389205e-19	-1.8258156e-13	0.00033278353	-0.0003137918	0.9999482	2.2114826e-08	-2.085275e-08	1
