# t (s)	mx ()	my ()	mz ()	B_extx (T)	B_exty (T)	B_extz (T)	mx ()	my ()	mz ()	E_anis (J)	E_demag (J)	E_exch (J)	E_total (J)	m_zrange1_x ()	m_zrange1_y ()	m_zrange1_z ()	m_zrange0_x ()	m_zrange0_y ()	m_zrange0_z ()
0	0	0	1	0	0	1	0	0	1	-1.7804318e-13	2.221299e-15	-0	-1.8289977e-13	0	0	1	0	0	1
0	0.0001683703	-0.00015876185	0.9999738	0	0	0.94999886	0.0001683703	-0.00015876185	0.99997365	-1.7804366e-13	2.2211914e-15	1.02369184e-19	-1.8254617e-13	0.00033673912	-0.00031752232	0.99994737	1.4949264e-09	-1.4096195e-09	1
0	0.00017780255	-0.00016766004	0.9999716	0	0	0.900001	0.00017780255	-0.00016766004	0.99997157	-1.7804367e-13	2.2211825e-15	1.07652283e-19	-1.8219229e-13	0.00035560346	-0.00033531856	0.99994314	1.5794597e-09	-1.4893665e-09	1
0	0.0001883549	-0.00017761519	0.99996924	0	0	0.849999	0.0001883549	-0.00017761519	0.9999692	-1.7804368e-13	2.2211726e-15	1.1345683e-19	-1.8183842e-13	0.0003767081	-0.0003552288	0.99993837	1.6740351e-09	-1.5785885e-09	1
0	0.00020023735	-0.00018882567	0.99996644	0	0	0.8000007	0.00020023735	-0.00018882567	0.99996644	-1.7804371e-13	2.2211607e-15	1.19864e-19	-1.8148455e-13	0.0004004729	-0.00037764967	0.9999329	1.7805302e-09	-1.6790618e-09	1
0	0.00021372056	-0.0002015469	0.99996316	0	0	0.75	0.00021372056	-0.0002015469	0.9999633	-1.7804372e-13	2.221147e-15	1.2697301e-19	-1.8113066e-13	0.0004274392	-0.00040309198	0.9999265	1.9013724e-09	-1.7930724e-09	1
0	0.00022914581	-0.00021610143	0.99995965	0	0	0.69999945	0.00022914581	-0.00021610143	0.99995965	-1.7804374e-13	2.2211315e-15	1.3490673e-19	-1.807768e-13	0.00045828955	-0.00043220088	0.99991906	2.0396245e-09	-1.9235218e-09	1
0	0.00024697252	-0.00023292279	0.9999552	0	0	0.6500008	0.00024697252	-0.00023292276	0.9999552	-1.7804375e-13	2.2211127e-15	1.4381913e-19	-1.8042291e-13	0.0004939429	-0.0004658435	0.9999104	2.1993978e-09	-2.0742852e-09	1
0	0.00026780515	-0.00025258202	0.9999501	0	0	0.59999925	0.00026780515	-0.00025258202	0.9999501	-1.7804375e-13	2.2210909e-15	1.5390645e-19	-1.8006903e-13	0.0005356079	-0.0005051618	0.99990016	2.386113e-09	-2.250485e-09	1
0	0.00029247208	-0.00027586188	0.9999439	0	0	0.5499998	0.00029247208	-0.00027586188	0.99994385	-1.7804376e-13	2.221064e-15	1.6542286e-19	-1.7971516e-13	0.0005849416	-0.0005517213	0.99988765	2.6071962e-09	-2.4591382e-09	1
0	0.00032214358	-0.00030386797	0.9999362	0	0	0.5	0.00032214358	-0.00030386797	0.9999362	-1.7804376e-13	2.2210316e-15	1.7870451e-19	-1.7936127e-13	0.0006442843	-0.0006077332	0.9998723	2.8731384e-09	-2.7101486e-09	1
0	0.00035850628	-0.00033819495	0.9999267	0	0	0.4500005	0.00035850628	-0.00033819495	0.9999267	-1.7804376e-13	2.2209907e-15	1.9420714e-19	-1.7900739e-13	0.0007170093	-0.0006763869	0.9998533	3.1990453e-09	-3.0178198e-09	1
0	0.00040410992	-0.0003812542	0.99991447	0	0	0.40000036	0.00040410992	-0.0003812542	0.99991447	-1.7804378e-13	2.220938e-15	2.1256619e-19	-1.7865355e-13	0.0008082162	-0.00076250505	0.999829	3.6077894e-09	-3.4037566e-09	1
0	0.00046298536	-0.00043686014	0.9998984	0	0	0.34999973	0.00046298536	-0.00043686014	0.9998984	-1.7804376e-13	2.2208687e-15	2.3470053e-19	-1.7829966e-13	0.0009259666	-0.0008737164	0.9997968	4.135486e-09	-3.9021497e-09	1
0	0.00054191705	-0.00051143905	0.9998765	0	0	0.29999962	0.0005419171	-0.00051143905	0.9998765	-1.7804376e-13	2.220774e-15	2.6199953e-19	-1.7794583e-13	0.0010838293	-0.0010228736	0.9997529	4.8429536e-09	-4.5705972e-09	1
0	0.0006532086	-0.0006166595	0.9998449	0	0	0.25	0.0006532086	-0.00061665947	0.9998449	-1.7804371e-13	2.220637e-15	2.966894e-19	-1.7759199e-13	0.001306411	-0.0012333136	0.9996897	5.8404592e-09	-5.5136935e-09	1
0	0.00084366556	-0.0007969251	0.9997897	0	0	0.19499981	0.00084366556	-0.0007969251	0.9997897	-1.7804359e-13	2.2203982e-15	3.4807972e-19	-1.7720275e-13	0.0016873236	-0.0015938431	0.9995794	7.54754e-09	-7.1294317e-09	1
0	0.00086662895	-0.0008186716	0.99978304	0	0	0.19000006	0.00086662895	-0.00081867166	0.99978304	-1.7804356e-13	2.2203692e-15	3.5372055e-19	-1.7716735e-13	0.0017332502	-0.0016373359	0.999566	7.753357e-09	-7.3243474e-09	1
0	0.00089087046	-0.00084163854	0.9997759	0	0	0.18499996	0.00089087046	-0.00084163854	0.9997759	-1.7804356e-13	2.2203385e-15	3.59564e-19	-1.7713198e-13	0.0017817329	-0.0016832695	0.9995518	7.970648e-09	-7.5302e-09	1
0	0.0009164777	-0.0008659045	0.99976844	0	0	0.18000017	0.00091647764	-0.0008659045	0.99976844	-1.7804353e-13	2.2203059e-15	3.6562166e-19	-1.7709659e-13	0.0018329473	-0.0017318011	0.99953675	8.200163e-09	-7.7476985e-09	1
0	0.00094364374	-0.0008916533	0.9997604	0	0	0.17499986	0.00094364374	-0.0008916534	0.9997604	-1.7804352e-13	2.2202711e-15	3.7190831e-19	-1.7706122e-13	0.001887279	-0.0017832988	0.9995208	8.4436556e-09	-7.978487e-09	1
0	0.0009723709	-0.0009188884	0.9997519	0	0	0.17000006	0.0009723709	-0.0009188884	0.9997519	-1.780435e-13	2.2202343e-15	3.78437e-19	-1.7702583e-13	0.0019447332	-0.0018377687	0.99950397	8.701138e-09	-8.222601e-09	1
0	0.0010030481	-0.00094797875	0.999743	0	0	0.1650002	0.0010030479	-0.0009479787	0.999743	-1.7804349e-13	2.2201953e-15	3.8522409e-19	-1.7699046e-13	0.002006087	-0.001895949	0.99948585	8.976102e-09	-8.483339e-09	1
0	0.0010356359	-0.0009788896	0.99973327	0	0	0.15999989	0.0010356358	-0.0009788896	0.99973327	-1.7804345e-13	2.2201534e-15	3.9228712e-19	-1.7695506e-13	0.0020712626	-0.0019577704	0.9994666	9.26819e-09	-8.760397e-09	1
0	0.0010703383	-0.0010118148	0.99972314	0	0	0.15500008	0.0010703383	-0.0010118148	0.9997231	-1.7804343e-13	2.2201085e-15	3.996449e-19	-1.7691969e-13	0.002140667	-0.0020236205	0.99944615	9.5792325e-09	-9.055508e-09	1
0	0.0011075863	-0.0010471678	0.9997121	0	0	0.14999981	0.0011075862	-0.0010471678	0.9997121	-1.7804341e-13	2.2200606e-15	4.0731896e-19	-1.7688432e-13	0.0022151626	-0.0020943263	0.9994241	9.9130855e-09	-9.372382e-09	1
0	0.0011474363	-0.0010850021	0.99970025	0	0	0.14500023	0.0011474363	-0.0010850021	0.9997003	-1.7804337e-13	2.2200092e-15	4.1533256e-19	-1.7684893e-13	0.0022948622	-0.0021699944	0.99940056	1.027027e-08	-9.711494e-09	1
0	0.001190197	-0.0011256136	0.9996875	0	0	0.14000009	0.001190197	-0.0011256135	0.9996876	-1.780433e-13	2.219954e-15	4.2371153e-19	-1.7681353e-13	0.0023803832	-0.002251217	0.9993751	1.0653538e-08	-1.0075498e-08	1
0	0.0012363719	-0.0011694867	0.99967384	0	0	0.13500017	0.0012363719	-0.0011694867	0.9996739	-1.7804329e-13	2.2198942e-15	4.324845e-19	-1.7677817e-13	0.0024727327	-0.0023389626	0.99934775	1.1067409e-08	-1.04687405e-08	1
0	0.0012862054	-0.0012168549	0.99965906	0	0	0.13000007	0.0012862054	-0.0012168549	0.99965906	-1.7804322e-13	2.2198296e-15	4.41684e-19	-1.7674276e-13	0.0025723989	-0.0024336986	0.9993181	1.1514068e-08	-1.08933085e-08	1
0	0.0013401782	-0.0012681803	0.99964297	0	0	0.125	0.0013401782	-0.0012681806	0.9996431	-1.780432e-13	2.2197595e-15	4.5134645e-19	-1.767074e-13	0.0026803443	-0.0025363497	0.999286	1.19978365e-08	-1.1353346e-08	1
0	0.0013989186	-0.0013240697	0.9996255	0	0	0.11999989	0.0013989186	-0.0013240697	0.9996255	-1.7804314e-13	2.2196835e-15	4.615115e-19	-1.7667206e-13	0.0027978248	-0.0026481277	0.99925107	1.2524331e-08	-1.1854289e-08	1
0	0.0014629862	-0.0013850615	0.9996065	0	0	0.11499984	0.0014629865	-0.0013850615	0.99960643	-1.7804309e-13	2.2196e-15	4.7222604e-19	-1.7663665e-13	0.0029259594	-0.0027701107	0.99921286	1.309858e-08	-1.2400969e-08	1
0	0.0015332017	-0.0014519473	0.9995855	0	0	0.10999988	0.0015332017	-0.0014519473	0.99958557	-1.78043e-13	2.2195082e-15	4.8354197e-19	-1.7660125e-13	0.0030663896	-0.0029038815	0.9991709	1.3727935e-08	-1.3000475e-08	1
0	0.0016102596	-0.0015253848	0.99956244	0	0	0.10499983	0.0016102596	-0.0015253847	0.99956244	-1.7804294e-13	2.219408e-15	4.9552027e-19	-1.7656589e-13	0.003220505	-0.0030507562	0.9991249	1.4418613e-08	-1.3658707e-08	1
0	0.0016958852	-0.0016070749	0.99953693	0	0	0.10000009	0.0016958852	-0.0016070749	0.9995369	-1.7804286e-13	2.2192964e-15	5.082293e-19	-1.7653052e-13	0.0033917553	-0.0032141353	0.9990738	1.5186085e-08	-1.43909045e-08	1
0	0.0017908408	-0.001697733	0.99950844	0	0	0.09500003	0.0017908406	-0.001697733	0.99950844	-1.7804277e-13	2.2191725e-15	5.217487e-19	-1.7649514e-13	0.0035816652	-0.0033954508	0.999017	1.603719e-08	-1.5203492e-08	1
0	0.0018969813	-0.0017991777	0.9994768	0	0	0.090000086	0.0018969813	-0.0017991777	0.9994768	-1.7804267e-13	2.2190336e-15	5.361703e-19	-1.7645977e-13	0.0037939455	-0.0035983394	0.9989535	1.6988542e-08	-1.6112754e-08	1
0	0.0020165779	-0.001913554	0.999441	0	0	0.08500003	0.0020165776	-0.001913554	0.999441	-1.7804254e-13	2.2188776e-15	5.5161134e-19	-1.764244e-13	0.0040331376	-0.0038270908	0.998882	1.8060508e-08	-1.7137927e-08	1
0	0.0021513838	-0.002042613	0.9994006	0	0	0.079999946	0.002151384	-0.0020426132	0.9994006	-1.7804241e-13	2.2187e-15	5.681929e-19	-1.7638903e-13	0.0043027485	-0.0040852083	0.9988011	1.9268798e-08	-1.829471e-08	1
0	0.0023067093	-0.0021915957	0.9993542	0	0	0.074999906	0.0023067093	-0.0021915957	0.9993542	-1.7804226e-13	2.2184974e-15	5.860776e-19	-1.7635368e-13	0.004613398	-0.004383172	0.9987083	2.0661002e-08	-1.9630063e-08	1
0	0.0024859842	-0.0023637877	0.9993006	0	0	0.070000045	0.0024859842	-0.0023637875	0.9993006	-1.7804206e-13	2.2182626e-15	6.054558e-19	-1.7631828e-13	0.004971946	-0.0047275536	0.9986012	2.2267884e-08	-2.1173447e-08	1
0	0.0026937742	-0.002563633	0.9992382	0	0	0.065000035	0.0026937742	-0.002563633	0.9992382	-1.7804183e-13	2.217989e-15	6.265564e-19	-1.7628292e-13	0.005387524	-0.0051272428	0.9984764	2.4130335e-08	-2.2964691e-08	1
0	0.0029413113	-0.0028023468	0.9991643	0	0	0.059999947	0.0029413113	-0.0028023464	0.9991643	-1.7804158e-13	2.217665e-15	6.496778e-19	-1.7624758e-13	0.0058825975	-0.0056046685	0.9983285	2.6349063e-08	-2.5104322e-08	1
0	0.0032374577	-0.0030884966	0.99907553	0	0	0.05499994	0.0032374577	-0.0030884966	0.99907553	-1.7804123e-13	2.217276e-15	6.7519326e-19	-1.7621221e-13	0.0064748866	-0.0061769662	0.9981512	2.9003473e-08	-2.7669138e-08	1
0	0.0035985834	-0.0034383128	0.99896723	0	0	0.050000045	0.0035985834	-0.003438313	0.9989673	-1.7804082e-13	2.2168008e-15	7.03589e-19	-1.7617685e-13	0.0071971347	-0.006876595	0.99793446	3.224031e-08	-3.0804603e-08	1
0	0.0040522465	-0.0038793925	0.9988315	0	0	0.045000043	0.0040522465	-0.0038793925	0.9988315	-1.7804031e-13	2.2162056e-15	7.3551065e-19	-1.761415e-13	0.008104457	-0.00775875	0.9976631	3.6306574e-08	-3.475808e-08	1
0	0.004635613	-0.0044488637	0.99865687	0	0	0.039999973	0.004635613	-0.0044488637	0.9986568	-1.7803964e-13	2.2154392e-15	7.718636e-19	-1.7610616e-13	0.009271184	-0.008897687	0.9973136	4.1535404e-08	-3.9862364e-08	1
0	0.0054082517	-0.0052065854	0.9984242	0	0	0.035000023	0.005408251	-0.0052065854	0.9984242	-1.780387e-13	2.214418e-15	8.1392065e-19	-1.760708e-13	0.010816454	-0.010413124	0.99684834	4.846072e-08	-4.665397e-08	1
0	0.0064932336	-0.006277478	0.9980973	0	0	0.029999973	0.0064932336	-0.006277478	0.99809736	-1.780374e-13	2.2129841e-15	8.636368e-19	-1.7603548e-13	0.012986409	-0.012554901	0.9961947	5.8185638e-08	-5.625259e-08	1
0	0.008114814	-0.007890396	0.9976061	0	0	0.025000023	0.008114814	-0.007890398	0.9976061	-1.7803542e-13	2.2108301e-15	9.241403e-19	-1.7600018e-13	0.016229555	-0.015780723	0.9952122	7.27202e-08	-7.070951e-08	1
0	0.010824146	-0.010613268	0.9967808	0	0	0.019999987	0.010824146	-0.010613268	0.9967808	-1.7803199e-13	2.2072165e-15	1.0009978e-18	-1.7596487e-13	0.021648197	-0.021226441	0.9935617	9.700451e-08	-9.511521e-08	1
0	0.0160213	-0.015900418	0.9951354	0	0	0.014999987	0.0160213	-0.015900416	0.99513555	-1.7802512e-13	2.200033e-15	1.1051698e-18	-1.7592964e-13	0.03204246	-0.031800695	0.990271	1.4358773e-07	-1.4250514e-07	1
0	0.029583186	-0.029884407	0.990373	0	0	0.009999993	0.029583186	-0.029884407	0.9903731	-1.7800507e-13	2.1794198e-15	1.2619912e-18	-1.7589448e-13	0.059166107	-0.059768546	0.98074603	2.6514593e-07	-2.6784727e-07	1
0	0.06446254	-0.06589951	0.97170067	0	0	0.0049999966	0.06446254	-0.06589951	0.97170067	-1.7792816e-13	2.1011878e-15	1.5317093e-18	-1.7585984e-13	0.12892452	-0.13179843	0.94340134	5.777795e-07	-5.906632e-07	1
0	0.06667744	-0.06816935	0.9699273	0	0	-9.887924e-17	0.06667744	-0.068169355	0.9699273	-1.779211e-13	2.0939933e-15	1.5850017e-18	-1.7582551e-13	0.13335429	-0.13633808	0.9398547	5.976352e-07	-6.110116e-07	1
0	0.06773113	-0.06924744	0.96901584	0	0	-0.0049999966	0.06773113	-0.06924744	0.96901584	-1.7791748e-13	2.0903132e-15	1.6151901e-18	-1.7579125e-13	0.13546166	-0.13849425	0.93803173	6.0708277e-07	-6.2067807e-07	1
0	0.069264315	-0.070814915	0.9676319	0	0	-0.009999993	0.06926431	-0.070814915	0.9676318	-1.7791202e-13	2.084747e-15	1.6619356e-18	-1.7575713e-13	0.138528	-0.14162919	0.9352637	6.208288e-07	-6.347318e-07	1
0	0.07120411	-0.07279709	0.9658135	0	0	-0.014999987	0.07120411	-0.07279709	0.9658136	-1.7790489e-13	2.0774711e-15	1.7221769e-18	-1.7572316e-13	0.14240758	-0.14559352	0.9316271	6.3822006e-07	-6.525033e-07	1
0	0.073883444	-0.0755337	0.9631966	0	0	-0.019999987	0.073883444	-0.0755337	0.96319664	-1.7789469e-13	2.0670717e-15	1.8057121e-18	-1.7568946e-13	0.14776622	-0.15106672	0.9263932	6.6224106e-07	-6.7703826e-07	1
0	0.00064579956	-0.014261885	0.0043159514	0	0	-0.025000023	0.00064579956	-0.014261884	0.0043159514	-1.7802854e-13	2.2023422e-15	6.288568e-18	-1.7581916e-13	0.0012915933	-0.02852364	-0.9913682	5.805126e-09	-1.2790856e-07	1
0	0.0004065732	-0.013596376	0.0041437116	0	0	-0.029999973	0.0004065732	-0.013596376	0.004143712	-1.7802917e-13	2.2029798e-15	6.271317e-18	-1.7581904e-13	0.0008131428	-0.027192634	-0.9917125	3.6601993e-09	-1.2195277e-07	1
0	0.00018413522	-0.012895365	0.003939606	0	0	-0.035000023	0.00018413522	-0.012895365	0.003939606	-1.780299e-13	2.203743e-15	6.2433715e-18	-1.7581894e-13	0.00036826875	-0.025790613	-0.99212074	1.6654487e-09	-1.15677324e-07	1
0	1.9286943e-05	-0.0123140495	0.0037536905	0	0	-0.039999973	1.9286941e-05	-0.0123140495	0.0037536905	-1.7803055e-13	2.2044373e-15	6.204656e-18	-1.7581885e-13	3.857368e-05	-0.02462799	-0.99249256	1.8693869e-10	-1.1047441e-07	1
0	-6.355382e-05	-0.011992015	0.0036347879	0	0	-0.045000043	-6.355382e-05	-0.011992013	0.0036347879	-1.7803097e-13	2.2048642e-15	6.0831454e-18	-1.7581886e-13	-0.0001271071	-0.023983918	-0.99273044	-5.5583066e-10	-1.0759704e-07	1
0	-0.0019389801	-0.003826812	0.0016188263	0	0	-0.050000045	-0.0019389802	-0.003826812	0.0016188262	-1.7803853e-13	2.2127234e-15	4.9608197e-18	-1.7582028e-13	-0.003877943	-0.0076535894	-0.99676234	-1.7382831e-08	-3.434818e-08	1
0	-0.0020149876	-0.0034150495	0.0015320643	0	0	-0.05499994	-0.0020149876	-0.0034150495	0.0015320643	-1.7803887e-13	2.2130544e-15	4.940484e-18	-1.7582024e-13	-0.0040299576	-0.006830069	-0.9969359	-1.8066595e-08	-3.0656878e-08	1
0	-0.0020684681	-0.003044571	0.0014398632	0	0	-0.059999947	-0.0020684684	-0.0030445708	0.0014398632	-1.7803918e-13	2.213406e-15	4.907282e-18	-1.7582026e-13	-0.0041369176	-0.0060891146	-0.99712026	-1.8548336e-08	-2.7335345e-08	1
0	-0.0020938297	-0.0028102899	0.0013701653	0	0	-0.065000035	-0.0020938297	-0.0028102896	0.0013701653	-1.7803941e-13	2.2136692e-15	4.859979e-18	-1.7582026e-13	-0.0041876407	-0.005620554	-0.9972597	-1.8777515e-08	-2.5235861e-08	1
0	-0.0021023192	-0.0027214542	0.0013368679	0	0	-0.070000045	-0.0021023194	-0.0027214545	0.001336868	-1.7803952e-13	2.2137886e-15	4.7348774e-18	-1.7582034e-13	-0.0042046197	-0.005442884	-0.9973262	-1.8854076e-08	-2.4442702e-08	1
0	-0.0023210987	0.0022040769	0.00064995565	0	0	-0.074999906	-0.0023210987	0.0022040769	0.0006499556	-1.7804222e-13	2.2167572e-15	3.729228e-18	-1.758214e-13	-0.0046421764	0.0044081337	-0.99870014	-2.0821364e-08	1.9771637e-08	1
0	-0.0021654894	0.002056114	0.00060314726	0	0	-0.079999946	-0.0021654891	0.002056114	0.00060314726	-1.780424e-13	2.2169618e-15	3.711531e-18	-1.7582138e-13	-0.0043309596	0.0041122087	-0.9987937	-1.942646e-08	1.8445274e-08	1
0	-0.0020277898	0.0019241977	0.0005621242	0	0	-0.08500003	-0.0020277898	0.0019241975	0.0005621242	-1.7804252e-13	2.2171411e-15	3.6951068e-18	-1.7582134e-13	-0.0040555615	0.0038483776	-0.99887574	-1.8192074e-08	1.7262728e-08	1
0	-0.0019069284	0.0018085942	0.00052601425	0	0	-0.090000086	-0.0019069284	0.0018085942	0.00052601425	-1.7804265e-13	2.2172991e-15	3.6798073e-18	-1.7582133e-13	-0.0038138395	0.0036171724	-0.9989479	-1.7108636e-08	1.6226423e-08	1
0	-0.0017996448	0.0017060775	0.0004939635	0	0	-0.09500003	-0.0017996448	0.0017060774	0.0004939635	-1.7804275e-13	2.2174393e-15	3.665507e-18	-1.7582131e-13	-0.003599273	0.0034121398	-0.9990121	-1.6146927e-08	1.5307434e-08	1
0	-0.0017037743	0.0016145487	0.00046532898	0	0	-0.10000009	-0.0017037743	0.0016145487	0.000465329	-1.7804286e-13	2.2175644e-15	3.652098e-18	-1.7582131e-13	-0.0034075333	0.003229083	-0.99906933	-1.528751e-08	1.4486934e-08	1
0	-0.0016175853	0.0015323404	0.0004395945	0	0	-0.10499983	-0.0016175853	0.0015323404	0.0004395945	-1.7804294e-13	2.2176767e-15	3.639487e-18	-1.758213e-13	-0.0032351564	0.0030646669	-0.9991208	-1.45148915e-08	1.3749993e-08	1
0	-0.0015396088	0.0014580118	0.00041634272	0	0	-0.10999988	-0.0015396088	0.0014580118	0.00041634275	-1.78043e-13	2.2177783e-15	3.6275985e-18	-1.7582127e-13	-0.0030792037	0.0029160106	-0.9991673	-1.3815894e-08	1.3083689e-08	1
0	-0.001468837	0.0013906015	0.00039523933	0	0	-0.11499984	-0.001468837	0.0013906015	0.00039523933	-1.7804309e-13	2.21787e-15	3.616364e-18	-1.7582127e-13	-0.0029376608	0.0027811907	-0.9992095	-1.3181474e-08	1.24793935e-08	1
0	-0.0014041979	0.0013290688	0.00037599282	0	0	-0.11999989	-0.0014041979	0.0013290688	0.0003759928	-1.7804314e-13	2.2179543e-15	3.605723e-18	-1.7582126e-13	-0.0028083832	0.0026581257	-0.99924797	-1.2602031e-08	1.1927799e-08	1
0	-0.001345054	0.0012727994	0.00035838358	0	0	-0.125	-0.001345054	0.0012727996	0.00035838358	-1.780432e-13	2.2180307e-15	3.5956255e-18	-1.7582126e-13	-0.002690096	0.0025455875	-0.99928325	-1.20718475e-08	1.1423381e-08	1
0	-0.0012908217	0.0012212343	0.0003422191	0	0	-0.13000007	-0.0012908216	0.0012212343	0.0003422191	-1.7804322e-13	2.2181008e-15	3.586026e-18	-1.7582122e-13	-0.0025816315	0.0024424577	-0.9993155	-1.15856995e-08	1.0961141e-08	1
0	-0.0012404756	0.0011733737	0.00032730214	0	0	-0.13500017	-0.0012404757	0.0011733737	0.00032730217	-1.7804328e-13	2.2181663e-15	3.5768845e-18	-1.7582123e-13	-0.00248094	0.0023467368	-0.9993454	-1.1134376e-08	1.0532101e-08	1
0	-0.0011940458	0.0011292612	0.00031352404	0	0	-0.14000009	-0.0011940458	0.0011292612	0.00031352404	-1.780433e-13	2.2182264e-15	3.5681643e-18	-1.758212e-13	-0.0023880808	0.0022585127	-0.99937296	-1.0718175e-08	1.0136664e-08	1
0	-0.0011509559	0.0010883377	0.00030074883	0	0	-0.14500023	-0.0011509559	0.0010883377	0.0003007488	-1.7804337e-13	2.2182819e-15	3.5598346e-18	-1.7582122e-13	-0.0023019016	0.0021766657	-0.9993986	-1.0331909e-08	9.769808e-09	1
0	-0.001110864	0.0010502758	0.00028887717	0	0	-0.14999981	-0.001110864	0.0010502758	0.00028887717	-1.780434e-13	2.2183333e-15	3.551867e-18	-1.7582122e-13	-0.002221718	0.002100542	-0.99942225	-9.972511e-09	9.428611e-09	1
0	-0.0010734595	0.0010147768	0.00027781923	0	0	-0.15500008	-0.0010734596	0.0010147769	0.00027781923	-1.7804343e-13	2.2183818e-15	3.5442357e-18	-1.7582119e-13	-0.0021469095	0.0020295447	-0.99944437	-9.637207e-09	9.110387e-09	1
0	-0.0010384953	0.0009816032	0.00026749208	0	0	-0.15999989	-0.0010384953	0.0009816033	0.00026749208	-1.7804345e-13	2.2184267e-15	3.536918e-18	-1.7582119e-13	-0.0020769814	0.0019631977	-0.999465	-9.323772e-09	8.813005e-09	1
0	-0.0010057264	0.00095052196	0.00025782594	0	0	-0.1650002	-0.0010057264	0.00095052196	0.00025782594	-1.7804348e-13	2.2184687e-15	3.5298928e-18	-1.7582118e-13	-0.0020114437	0.0019010353	-0.9994843	-9.030019e-09	8.534386e-09	1
0	-0.000974955	0.000921343	0.00024876618	0	0	-0.17000006	-0.000974955	0.00092134305	0.0002487662	-1.780435e-13	2.2185078e-15	3.523141e-18	-1.7582118e-13	-0.0019499012	0.0018426777	-0.99950254	-8.754185e-09	8.272818e-09	1
0	-0.0009460111	0.00089390355	0.00024025161	0	0	-0.17499986	-0.0009460111	0.00089390355	0.00024025161	-1.7804352e-13	2.2185449e-15	3.5166455e-18	-1.7582116e-13	-0.0018920138	0.0017877992	-0.99951947	-8.494724e-09	8.02684e-09	1
0	-0.00091873243	0.0008680485	0.00023223953	0	0	-0.18000017	-0.00091873243	0.0008680485	0.00023223954	-1.7804353e-13	2.2185794e-15	3.5103907e-18	-1.7582115e-13	-0.0018374566	0.0017360894	-0.9995355	-8.250187e-09	7.795066e-09	1
0	-0.000893064	0.00084372354	0.00022469678	0	0	-0.18499996	-0.000893064	0.00084372354	0.00022469678	-1.7804356e-13	2.2186122e-15	3.504362e-18	-1.7582115e-13	-0.00178612	0.0016874396	-0.9995506	-8.020093e-09	7.5770075e-09	1
0	-0.00086862757	0.0008205731	0.00021756388	0	0	-0.19000006	-0.00086862757	0.0008205732	0.00021756385	-1.7804357e-13	2.2186436e-15	3.4985468e-18	-1.7582115e-13	-0.0017372472	0.0016411389	-0.9995649	-7.8010345e-09	7.3694792e-09	1
0	-0.0008455658	0.00079872797	0.00021082276	0	0	-0.19499981	-0.0008455658	0.0007987279	0.00021082276	-1.7804359e-13	2.2186728e-15	3.492932e-18	-1.7582114e-13	-0.001691124	0.0015974487	-0.99957836	-7.594304e-09	7.1736497e-09	1
0	-0.0008029253	0.0007583468	0.00019839084	0	0	-0.20499994	-0.0008029254	0.0007583468	0.00019839084	-1.7804364e-13	2.2187264e-15	3.4822612e-18	-1.7582114e-13	-0.0016058434	0.0015166868	-0.99960315	-7.2120643e-09	6.8116655e-09	1
0	-0.00064116676	0.00060527696	0.00015169314	0	0	-0.25499967	-0.00064116676	0.00060527696	0.00015169314	-1.7804372e-13	2.218929e-15	3.437882e-18	-1.7582108e-13	-0.0012823278	0.0012105484	-0.9996967	-5.762013e-09	5.439494e-09	1
0	-0.0005336062	0.00050359045	0.000121217934	0	0	-0.30500022	-0.0005336062	0.00050359045	0.000121217934	-1.7804376e-13	2.2190605e-15	3.4041905e-18	-1.7582104e-13	-0.0010672077	0.0010071764	-0.9997576	-4.7978146e-09	4.527945e-09	1
0	-0.0004568971	0.00043111408	9.991214e-05	0	0	-0.3549996	-0.0004568971	0.00043111408	9.991213e-05	-1.7804376e-13	2.2191524e-15	3.3775766e-18	-1.7582099e-13	-0.0009137901	0.00086222426	-0.9998002	-4.1101744e-09	3.8782453e-09	1
0	-0.00039946585	0.0003768717	8.4272164e-05	0	0	-0.40499973	-0.00039946585	0.00037687176	8.4272164e-05	-1.7804378e-13	2.21922e-15	3.3559363e-18	-1.7582096e-13	-0.0007989281	0.0007537401	-0.9998315	-3.5953451e-09	3.392e-09	1
0	-0.00035484962	0.00033474428	7.236231e-05	0	0	-0.45500082	-0.00035484962	0.00033474428	7.236231e-05	-1.7804376e-13	2.219271e-15	3.3379476e-18	-1.7582092e-13	-0.000709696	0.0006694856	-0.9998552	-3.195399e-09	3.0143599e-09	1
0	-0.00031918625	0.00030107764	6.3025866e-05	0	0	-0.5050003	-0.00031918625	0.00030107764	6.3025866e-05	-1.7804376e-13	2.2193112e-15	3.3227312e-18	-1.758209e-13	-0.00063836965	0.00060215255	-0.9998739	-2.8757055e-09	2.7125666e-09	1
0	-0.00029002968	0.00027355723	5.5537497e-05	0	0	-0.55500025	-0.00029002968	0.00027355723	5.5537497e-05	-1.7804376e-13	2.2193428e-15	3.3096754e-18	-1.7582089e-13	-0.0005800567	0.00054711197	-0.99988896	-2.6143419e-09	2.465867e-09	1
0	-0.00026576032	0.00025065284	4.941964e-05	0	0	-0.60500026	-0.00026576032	0.00025065284	4.941964e-05	-1.7804375e-13	2.219369e-15	3.2983413e-18	-1.7582087e-13	-0.00053151825	0.0005013034	-0.9999011	-2.3967919e-09	2.2605477e-09	1
0	-0.00024523324	0.00023128197	4.4341734e-05	0	0	-0.6549993	-0.00024523324	0.00023128197	4.434173e-05	-1.7804375e-13	2.2193909e-15	3.2884038e-18	-1.7582087e-13	-0.00049046427	0.00046256182	-0.99991137	-2.2127837e-09	2.086904e-09	1
0	-0.00022765217	0.00021469223	4.006781e-05	0	0	-0.70500124	-0.00022765216	0.00021469223	4.006781e-05	-1.7804374e-13	2.2194093e-15	3.2796154e-18	-1.7582085e-13	-0.00045530224	0.00042938258	-0.99991983	-2.0551854e-09	1.938195e-09	1
0	-0.00021241157	0.00020031245	3.6430636e-05	0	0	-0.7549992	-0.00021241157	0.00020031245	3.6430636e-05	-1.7804372e-13	2.2194245e-15	3.2717866e-18	-1.7582082e-13	-0.0004248212	0.0004006231	-0.99992716	-1.9185717e-09	1.8092943e-09	1
0	-0.00019908905	0.00018774276	3.3303662e-05	0	0	-0.80500025	-0.00019908905	0.00018774276	3.3303666e-05	-1.7804371e-13	2.219438e-15	3.2647663e-18	-1.7582081e-13	-0.0003981763	0.00037548383	-0.9999334	-1.7991512e-09	1.6966208e-09	1
0	-0.00018733769	0.00017665603	3.0592168e-05	0	0	-0.85500133	-0.00018733769	0.00017665603	3.0592168e-05	-1.7804368e-13	2.2194493e-15	3.2584355e-18	-1.7582078e-13	-0.0003746737	0.00035331046	-0.9999388	-1.6938138e-09	1.5972437e-09	1
0	-0.00017689931	0.00016680824	2.822366e-05	0	0	-0.9049992	-0.00017689931	0.00016680824	2.822366e-05	-1.7804367e-13	2.2194593e-15	3.2526967e-18	-1.7582077e-13	-0.00035379702	0.000333615	-0.9999435	-1.6002457e-09	1.5089688e-09	1
0	-0.00016755624	0.00015799442	2.6136484e-05	0	0	-0.95500135	-0.00016755624	0.00015799444	2.613648e-05	-1.7804366e-13	2.2194686e-15	3.2474712e-18	-1.7582076e-13	-0.00033511096	0.00031598742	-0.9999478	-1.5164994e-09	1.4299633e-09	1
0	-0.00015995906	0.00015082753	2.4464665e-05	0	0	-1	-0.00015995908	0.00015082753	2.4464664e-05	-1.7804366e-13	2.2194756e-15	3.2431523e-18	-1.7582076e-13	-0.0003199167	0.0003016537	-0.9999511	-1.4484001e-09	1.3657235e-09	1
0	-0.00016844206	0.00015882954	2.6334372e-05	0	0	-0.94999886	-0.00016844206	0.00015882953	2.6334372e-05	-1.7804366e-13	2.2194673e-15	3.2479724e-18	-1.7582076e-13	-0.00033688257	0.00031765766	-0.99994737	-1.5244376e-09	1.4374479e-09	1
0	-0.0001778831	0.00016773601	2.844479e-05	0	0	-0.900001	-0.00017788312	0.00016773601	2.844479e-05	-1.7804367e-13	2.2194584e-15	3.2532457e-18	-1.7582077e-13	-0.00035576458	0.0003354705	-0.9999431	-1.6090654e-09	1.5172839e-09	1
0	-0.00018844499	0.00017770016	3.0845487e-05	0	0	-0.849999	-0.00018844499	0.00017770017	3.0845487e-05	-1.7804368e-13	2.2194485e-15	3.2590397e-18	-1.7582078e-13	-0.00037688832	0.00035539875	-0.9999383	-1.7037366e-09	1.6065993e-09	1
0	-0.00020033926	0.00018892183	3.3595774e-05	0	0	-0.8000007	-0.00020033926	0.00018892184	3.359578e-05	-1.7804371e-13	2.2194368e-15	3.2654348e-18	-1.7582081e-13	-0.0004006767	0.00037784193	-0.99993277	-1.8103534e-09	1.707187e-09	1
0	-0.00021383654	0.00020165631	3.676791e-05	0	0	-0.75	-0.00021383655	0.00020165631	3.676791e-05	-1.7804371e-13	2.2194233e-15	3.2725298e-18	-1.7582082e-13	-0.00042767113	0.0004033108	-0.99992645	-1.931344e-09	1.8213407e-09	1
0	-0.00022928067	0.0002162286	4.0462364e-05	0	0	-0.69999945	-0.00022928067	0.0002162286	4.0462364e-05	-1.7804374e-13	2.2194076e-15	3.2804478e-18	-1.7582085e-13	-0.00045855925	0.0004324552	-0.99991906	-2.0697852e-09	1.9519664e-09	1
0	-0.00024712883	0.00023307017	4.4808974e-05	0	0	-0.6500008	-0.00024712883	0.00023307017	4.4808974e-05	-1.7804375e-13	2.219389e-15	3.2893412e-18	-1.7582087e-13	-0.0004942554	0.0004661382	-0.9999104	-2.2297764e-09	2.1029356e-09	1
0	-0.0002679902	0.00025275646	4.9980194e-05	0	0	-0.59999925	-0.0002679902	0.00025275646	4.9980194e-05	-1.7804375e-13	2.219367e-15	3.2994065e-18	-1.7582087e-13	-0.0005359779	0.0005055106	-0.9999	-2.4167777e-09	2.2794056e-09	1
0	-0.00029269158	0.0002760689	5.6215413e-05	0	0	-0.5499998	-0.00029269158	0.00027606892	5.6215413e-05	-1.7804376e-13	2.21934e-15	3.3108963e-18	-1.7582089e-13	-0.0005853805	0.0005521353	-0.9998876	-2.6382008e-09	2.4883815e-09	1
0	-0.00032240927	0.00030411856	6.386342e-05	0	0	-0.5	-0.00032240927	0.00030411856	6.386342e-05	-1.7804376e-13	2.2193076e-15	3.3241459e-18	-1.758209e-13	-0.0006448156	0.0006082344	-0.9998723	-2.9045921e-09	2.739821e-09	1
0	-0.0003588311	0.00033850168	7.3417956e-05	0	0	-0.4500005	-0.0003588311	0.00033850168	7.3417956e-05	-1.7804376e-13	2.2192666e-15	3.3396083e-18	-1.7582092e-13	-0.000717659	0.0006770003	-0.9998532	-3.231085e-09	3.0480416e-09	1
0	-0.00040452226	0.0003816437	8.564218e-05	0	0	-0.40000036	-0.00040452226	0.00038164368	8.564218e-05	-1.7804378e-13	2.219214e-15	3.3579167e-18	-1.7582096e-13	-0.0008090409	0.0007632839	-0.9998287	-3.6406707e-09	3.4347736e-09	1
0	-0.0004635351	0.0004373789	0.00010174498	0	0	-0.34999973	-0.00046353508	0.0004373789	0.00010174499	-1.7804376e-13	2.2191448e-15	3.379985e-18	-1.7582099e-13	-0.00092706596	0.00087475387	-0.9997965	-4.169671e-09	3.934401e-09	1
0	-0.00054266007	0.00051214115	0.00012377027	0	0	-0.29999962	-0.0005426601	0.00051214115	0.00012377027	-1.7804376e-13	2.2190495e-15	3.4071944e-18	-1.7582104e-13	-0.0010853152	0.0010242778	-0.99975246	-4.878973e-09	4.6045923e-09	1
0	-0.0006542927	0.00061768416	0.00015546226	0	0	-0.25	-0.0006542927	0.00061768416	0.00015546226	-1.7804374e-13	2.2189127e-15	3.4417569e-18	-1.758211e-13	-0.0013085793	0.0012353627	-0.9996891	-5.8796745e-09	5.5507146e-09	1
0	-0.00084546144	0.0007986264	0.00021081287	0	0	-0.19499981	-0.0008454615	0.0007986264	0.00021081287	-1.7804359e-13	2.2186728e-15	3.4929277e-18	-1.7582114e-13	-0.0016909154	0.0015972456	-0.99957836	-7.593364e-09	7.1727433e-09	1
0	-0.0008685289	0.00082047173	0.00021755252	0	0	-0.19000006	-0.0008685289	0.00082047173	0.0002175525	-1.7804356e-13	2.2186436e-15	3.4985418e-18	-1.7582114e-13	-0.0017370498	0.0016409361	-0.99956495	-7.80015e-09	7.368566e-09	1
0	-0.0008928736	0.00084353704	0.00022467905	0	0	-0.18499996	-0.00089287356	0.0008435371	0.00022467905	-1.7804356e-13	2.2186126e-15	3.5043573e-18	-1.7582115e-13	-0.0017857393	0.0016870666	-0.9995506	-8.0183815e-09	7.575334e-09	1
0	-0.00091860717	0.00086792326	0.0002322269	0	0	-0.18000017	-0.00091860717	0.00086792326	0.00023222688	-1.7804353e-13	2.2185798e-15	3.5103854e-18	-1.7582115e-13	-0.0018372061	0.0017358388	-0.9995355	-8.249064e-09	7.793943e-09	1
0	-0.0009458958	0.00089378824	0.00024023882	0	0	-0.17499986	-0.00094589585	0.00089378824	0.00024023882	-1.7804352e-13	2.2185449e-15	3.5166405e-18	-1.7582116e-13	-0.0018917832	0.0017875682	-0.9995196	-8.49369e-09	8.025802e-09	1
0	-0.00097473065	0.0009211255	0.000248745	0	0	-0.17000006	-0.0009747306	0.0009211255	0.000248745	-1.780435e-13	2.218508e-15	3.523136e-18	-1.7582119e-13	-0.0019494526	0.0018422428	-0.99950254	-8.752169e-09	8.270863e-09	1
0	-0.001005589	0.00095038867	0.00025781122	0	0	-0.1650002	-0.001005589	0.00095038867	0.0002578112	-1.7804348e-13	2.2184689e-15	3.529887e-18	-1.7582118e-13	-0.002011169	0.0019007688	-0.9994844	-9.0288e-09	8.5331875e-09	1
0	-0.0010383473	0.0009814617	0.00026747587	0	0	-0.15999989	-0.0010383473	0.0009814618	0.00026747587	-1.7804345e-13	2.2184267e-15	3.536912e-18	-1.7582119e-13	-0.002076685	0.001962915	-0.999465	-9.3224495e-09	8.811737e-09	1
0	-0.0010731543	0.0010144853	0.0002777919	0	0	-0.15500008	-0.0010731543	0.0010144853	0.0002777919	-1.7804343e-13	2.2183818e-15	3.54423e-18	-1.7582119e-13	-0.002146299	0.0020289617	-0.99944437	-9.6344674e-09	9.107769e-09	1
0	-0.0011106762	0.0010501009	0.00028885843	0	0	-0.14999981	-0.0011106762	0.0010501009	0.00028885843	-1.780434e-13	2.2183335e-15	3.5518606e-18	-1.758212e-13	-0.0022213424	0.0021001925	-0.99942225	-9.970827e-09	9.4270405e-09	1
0	-0.0011507496	0.0010881488	0.00030072735	0	0	-0.14500023	-0.0011507496	0.0010881488	0.00030072732	-1.7804337e-13	2.2182819e-15	3.5598276e-18	-1.7582122e-13	-0.002301489	0.0021762878	-0.9993986	-1.0330053e-08	9.7681125e-09	1
0	-0.00119381	0.0011290467	0.00031350067	0	0	-0.14000009	-0.0011938099	0.0011290468	0.0003135007	-1.780433e-13	2.2182264e-15	3.5681573e-18	-1.758212e-13	-0.0023876093	0.0022580836	-0.9993731	-1.0716063e-08	1.01347375e-08	1
0	-0.001240237	0.0011731597	0.000327277	0	0	-0.13500017	-0.001240237	0.0011731597	0.000327277	-1.7804328e-13	2.2181663e-15	3.5768762e-18	-1.7582124e-13	-0.0024804627	0.0023463087	-0.9993455	-1.1132239e-08	1.0530182e-08	1
0	-0.0012903813	0.001220825	0.000342181	0	0	-0.13000007	-0.0012903813	0.001220825	0.000342181	-1.7804322e-13	2.2181017e-15	3.5860182e-18	-1.7582122e-13	-0.0025807512	0.002441639	-0.9993156	-1.1581754e-08	1.0957466e-08	1
0	-0.0013447199	0.0012725018	0.0003583516	0	0	-0.125	-0.0013447199	0.0012725018	0.0003583516	-1.780432e-13	2.218031e-15	3.595617e-18	-1.7582126e-13	-0.0026894277	0.0025449921	-0.9992833	-1.2068854e-08	1.1420713e-08	1
0	-0.0014038027	0.0013287178	0.00037595574	0	0	-0.11999989	-0.0014038027	0.0013287178	0.00037595577	-1.7804314e-13	2.2179543e-15	3.6057138e-18	-1.7582126e-13	-0.0028075925	0.0026574237	-0.99924815	-1.2598491e-08	1.1924657e-08	1
0	-0.0014683788	0.0013901968	0.00039519594	0	0	-0.11499984	-0.0014683788	0.001390197	0.00039519594	-1.7804309e-13	2.2178706e-15	3.616354e-18	-1.7582127e-13	-0.0029367446	0.002780381	-0.99920964	-1.3177361e-08	1.2475773e-08	1
0	-0.0015391237	0.0014575894	0.00041629618	0	0	-0.10999988	-0.0015391237	0.0014575894	0.0004162962	-1.78043e-13	2.2177783e-15	3.627588e-18	-1.7582127e-13	-0.0030782335	0.0029151659	-0.99916744	-1.3811543e-08	1.30799025e-08	1
0	-0.0016169474	0.001531773	0.00043953778	0	0	-0.10499983	-0.0016169474	0.0015317729	0.00043953778	-1.7804294e-13	2.217677e-15	3.639476e-18	-1.758213e-13	-0.0032338803	0.003063532	-0.99912095	-1.4509176e-08	1.3744901e-08	1
0	-0.0017030113	0.00161387	0.00046526184	0	0	-0.10000009	-0.0017030113	0.00161387	0.00046526187	-1.7804286e-13	2.2175647e-15	3.6520847e-18	-1.7582131e-13	-0.0034060073	0.0032277256	-0.99906945	-1.5280675e-08	1.4480849e-08	1
0	-0.0017989487	0.0017054725	0.00049390056	0	0	-0.09500003	-0.0017989487	0.0017054726	0.0004939005	-1.7804275e-13	2.2174395e-15	3.665494e-18	-1.7582131e-13	-0.0035978814	0.0034109296	-0.9990121	-1.6140682e-08	1.5302003e-08	1
0	-0.0019057229	0.0018074876	0.0005259109	0	0	-0.090000086	-0.0019057229	0.0018074876	0.00052591093	-1.7804267e-13	2.2172997e-15	3.6797928e-18	-1.7582134e-13	-0.0038114288	0.0036149588	-0.9989482	-1.7097825e-08	1.6216488e-08	1
0	-0.0020267838	0.0019233336	0.00056203303	0	0	-0.08500003	-0.0020267838	0.0019233336	0.00056203303	-1.7804252e-13	2.2171418e-15	3.6950902e-18	-1.7582134e-13	-0.0040535494	0.0038466495	-0.99887586	-1.8183048e-08	1.7254976e-08	1
0	-0.0021637324	0.0020545057	0.0006029963	0	0	-0.079999946	-0.0021637322	0.0020545057	0.0006029963	-1.780424e-13	2.2169626e-15	3.7115135e-18	-1.7582138e-13	-0.0043274453	0.0041089933	-0.99879396	-1.9410681e-08	1.8430848e-08	1
0	-0.0023196556	0.0022039842	0.00064981636	0	0	-0.074999906	-0.0023196556	0.0022039842	0.00064981636	-1.7804222e-13	2.2167579e-15	3.729216e-18	-1.758214e-13	-0.0046392903	0.0044079483	-0.9987004	-2.080841e-08	1.9770805e-08	1
0	-0.002501101	0.0023782828	0.00070402224	0	0	-0.070000045	-0.002501101	0.0023782828	0.0007040221	-1.7804203e-13	2.2165205e-15	3.748382e-18	-1.7582142e-13	-0.0050021796	0.004756544	-0.99859196	-2.2434932e-08	2.133328e-08	1
0	-0.002713142	0.0025823617	0.0007673562	0	0	-0.065000035	-0.002713142	0.0025823617	0.0007673562	-1.7804181e-13	2.2162433e-15	3.7692375e-18	-1.7582145e-13	-0.0054262597	0.0051647	-0.9984653	-2.4335733e-08	2.3162709e-08	1
0	-0.0029637674	0.0028240317	0.0008422984	0	0	-0.059999947	-0.0029637672	0.0028240317	0.0008422984	-1.7804153e-13	2.2159153e-15	3.7920656e-18	-1.7582146e-13	-0.005927508	0.0056480384	-0.9983154	-2.6582399e-08	2.5329106e-08	1
0	-0.0032624283	0.0031125317	0.00093217654	0	0	-0.05499994	-0.0032624283	0.0031125317	0.00093217654	-1.780412e-13	2.2155212e-15	3.8172247e-18	-1.758215e-13	-0.006524828	0.006225035	-0.9981357	-2.925965e-08	2.791529e-08	1
0	-0.0036320474	0.003470799	0.0010426092	0	0	-0.050000045	-0.0036320477	0.0034707994	0.0010426092	-1.780408e-13	2.2150373e-15	3.8451855e-18	-1.7582154e-13	-0.0072640623	0.0069415667	-0.9979148	-3.2573e-08	3.112691e-08	1
0	-0.004091454	0.00391755	0.0011806611	0	0	-0.045000043	-0.004091454	0.00391755	0.0011806611	-1.7804025e-13	2.2144321e-15	3.876547e-18	-1.7582157e-13	-0.008182872	0.007835066	-0.99763864	-3.6691198e-08	3.5131702e-08	1
0	-0.004689971	0.004502099	0.0013593931	0	0	-0.039999973	-0.0046899705	0.0045021	0.0013593931	-1.7803956e-13	2.2136484e-15	3.9121834e-18	-1.7582161e-13	-0.009379899	0.00900416	-0.99728125	-4.2056463e-08	4.0371788e-08	1
0	-0.0054854024	0.0052826824	0.0015983479	0	0	-0.035000023	-0.0054854024	0.0052826824	0.0015983479	-1.7803864e-13	2.2126004e-15	3.9532728e-18	-1.7582169e-13	-0.0109707555	0.010565316	-0.99680334	-4.918687e-08	4.736915e-08	1
0	-0.006598656	0.006381873	0.0019346009	0	0	-0.029999973	-0.0065986556	0.006381872	0.0019346008	-1.7803729e-13	2.2111268e-15	4.0015987e-18	-1.7582175e-13	-0.0131972525	0.012763688	-0.9961308	-5.9166258e-08	5.7222543e-08	1
0	-0.008285531	0.008061116	0.0024449104	0	0	-0.025000023	-0.008285531	0.008061116	0.0024449104	-1.7803519e-13	2.208891e-15	4.0599633e-18	-1.758218e-13	-0.016570987	0.01612216	-0.99511015	-7.428771e-08	7.2275704e-08	1
0	-0.011092639	0.010883838	0.0033066948	0	0	-0.019999987	-0.011092639	0.010883838	0.0033066948	-1.7803163e-13	2.2051205e-15	4.1330555e-18	-1.7582191e-13	-0.022185178	0.021767577	-0.9933866	-9.945107e-08	9.7579175e-08	1
0	-0.016661521	0.01655607	0.0050717993	0	0	-0.014999987	-0.016661523	0.01655607	0.0050717993	-1.7802425e-13	2.1974237e-15	4.2291437e-18	-1.7582206e-13	-0.033322893	0.03311199	-0.9898564	-1.4937125e-07	1.48426e-07	1
0	-0.031467	0.03183368	0.010371934	0	0	-0.009999993	-0.03146699	0.03183368	0.010371934	-1.7800193e-13	2.1745316e-15	4.35878e-18	-1.7582229e-13	-0.062933706	0.06366708	-0.97925615	-2.8208774e-07	2.8537517e-07	1
0	-0.059247956	0.06049735	0.025793085	0	0	-0.0049999966	-0.059247956	0.06049736	0.025793085	-1.7793835e-13	2.109874e-15	4.5321164e-18	-1.7582305e-13	-0.11849538	0.12099417	-0.94841385	-5.3109346e-07	5.422927e-07	1
0	-0.061012946	0.0623072	0.02716975	0	0	9.887924e-17	-0.061012946	0.0623072	0.02716975	-1.7793285e-13	2.104255e-15	4.5694694e-18	-1.7582402e-13	-0.12202534	0.124613844	-0.94566053	-5.468626e-07	5.584627e-07	1
0	-0.062291134	0.06361533	0.028248277	0	0	0.0049999966	-0.062291134	0.06361533	0.028248277	-1.7792855e-13	2.0998728e-15	4.6016326e-18	-1.758251e-13	-0.12458171	0.1272301	-0.94350344	-5.582659e-07	5.701333e-07	1
0	-0.06361809	0.064972095	0.029419765	0	0	0.009999993	-0.063618094	0.064972095	0.029419763	-1.779239e-13	2.0951311e-15	4.6376787e-18	-1.7582622e-13	-0.12723562	0.12994361	-0.9411605	-5.7010425e-07	5.822377e-07	1
0	-0.065470636	0.066865146	0.031119041	0	0	0.014999987	-0.065470636	0.066865146	0.031119043	-1.7791718e-13	2.088285e-15	4.6891723e-18	-1.758275e-13	-0.13094069	0.13372968	-0.9377619	-5.866505e-07	5.9914566e-07	1
0	-0.06759813	0.0690381	0.033148695	0	0	0.019999987	-0.06759813	0.0690381	0.033148695	-1.779092e-13	2.0801564e-15	4.748794e-18	-1.7582898e-13	-0.13519564	0.13807558	-0.93370265	-6.0565753e-07	6.185589e-07	1
0	-0.07136449	0.072882906	0.036927275	0	0	0.025000023	-0.07136449	0.072882906	0.036927275	-1.7789447e-13	2.0651603e-15	4.852708e-18	-1.75831e-13	-0.14272834	0.14576516	-0.92614543	-6.393453e-07	6.5294813e-07	1
0	-0.0074209855	0.021824144	0.9905218	0	0	0.029999973	-0.0074209864	0.021824148	0.9905218	-1.7801662e-13	2.1919383e-15	4.8339624e-18	-1.7603017e-13	-0.014841904	0.043648098	0.9810435	-6.6536245e-08	1.956139e-07	1
0	-0.006647642	0.020714572	0.9910251	0	0	0.035000023	-0.006647642	0.020714574	0.9910251	-1.780182e-13	2.1935542e-15	4.7691135e-18	-1.7606538e-13	-0.013295224	0.04142896	0.9820502	-5.960526e-08	1.8566772e-07	1
0	-0.0056941537	0.019279905	0.99170876	0	0	0.039999973	-0.0056941537	0.019279905	0.99170876	-1.7802025e-13	2.1956816e-15	4.6721734e-18	-1.7610067e-13	-0.011388256	0.038559634	0.98341763	-5.1059803e-08	1.728076e-07	1
0	-0.0050330847	0.018244613	0.9922218	0	0	0.045000043	-0.0050330847	0.018244613	0.9922218	-1.7802174e-13	2.1972308e-15	4.5909153e-18	-1.7613595e-13	-0.010066125	0.036489062	0.98444366	-4.513519e-08	1.6352723e-07	1
0	-0.00434061	0.01711925	0.99279785	0	0	0.050000045	-0.0043406095	0.017119247	0.9927979	-1.7802338e-13	2.1989246e-15	4.4894243e-18	-1.761713e-13	-0.00868118	0.034238342	0.9855958	-3.8929116e-08	1.5343956e-07	1
0	-0.0037200996	0.016076773	0.99334884	0	0	0.05499994	-0.0037200996	0.016076773	0.9933488	-1.7802486e-13	2.200497e-15	4.377636e-18	-1.7620668e-13	-0.007440166	0.0321534	0.9866977	-3.3368053e-08	1.4409487e-07	1
0	-0.0031317668	0.015057277	0.99390966	0	0	0.059999947	-0.0031317668	0.015057276	0.99390966	-1.7802635e-13	2.2020466e-15	4.2281126e-18	-1.7624216e-13	-0.006263505	0.030114416	0.98781943	-2.8095702e-08	1.3495625e-07	1
0	-0.0029426396	0.01472409	0.9941117	0	0	0.065000035	-0.0029426396	0.01472409	0.9941117	-1.7802685e-13	2.202586e-15	3.8884842e-18	-1.7627772e-13	-0.0058852527	0.029448047	0.98822343	-2.64024e-08	1.319697e-07	1
0	0.00012816685	0.00825398	0.9976554	0	0	0.070000045	0.00012816687	0.00825398	0.9976554	-1.7803574e-13	2.2118726e-15	1.97184e-18	-1.7631618e-13	0.0002563326	0.016507888	0.9953107	1.1305444e-09	7.3989234e-08	1
0	0.002307238	-0.0021911976	0.99935406	0	0	0.074999906	0.002307238	-0.0021911976	0.99935406	-1.7804226e-13	2.2184968e-15	5.860845e-19	-1.7635368e-13	0.0046144556	-0.0043823756	0.9987081	2.0665745e-08	-1.9626501e-08	1
0	0.0021538532	-0.0020449732	0.9994003	0	0	0.079999946	0.0021538532	-0.0020449734	0.9994003	-1.7804241e-13	2.2186988e-15	5.6821073e-19	-1.7638903e-13	0.004307687	-0.004089928	0.99880064	1.9290926e-08	-1.8315855e-08	1
0	0.002017641	-0.0019144957	0.99944085	0	0	0.08500003	0.002017641	-0.0019144957	0.9994409	-1.7804254e-13	2.2188765e-15	5.5162685e-19	-1.764244e-13	0.0040352643	-0.0038289742	0.99888194	1.8070029e-08	-1.714636e-08	1
0	0.0018978453	-0.0017999108	0.9994767	0	0	0.090000086	0.0018978453	-0.0017999108	0.9994767	-1.7804265e-13	2.2190334e-15	5.3618695e-19	-1.7645977e-13	0.0037956736	-0.0035998055	0.99895346	1.6996276e-08	-1.611932e-08	1
0	0.001791587	-0.0016983794	0.99950844	0	0	0.09500003	0.001791587	-0.0016983794	0.99950844	-1.7804277e-13	2.2191723e-15	5.2176247e-19	-1.7649514e-13	0.0035831584	-0.0033967434	0.9990169	1.6043877e-08	-1.5209272e-08	1
0	0.00169652	-0.0016076276	0.99953693	0	0	0.10000009	0.00169652	-0.0016076276	0.9995369	-1.7804286e-13	2.2192964e-15	5.0824184e-19	-1.7653052e-13	0.0033930247	-0.0032152408	0.9990736	1.5191763e-08	-1.4395855e-08	1
0	0.0016110861	-0.0015261492	0.9995623	0	0	0.10499983	0.0016110861	-0.0015261492	0.9995623	-1.7804294e-13	2.2194074e-15	4.9553133e-19	-1.7656589e-13	0.0032221577	-0.0030522845	0.99912465	1.4426013e-08	-1.3665552e-08	1
0	0.0015337917	-0.0014524722	0.9995855	0	0	0.10999988	0.0015337917	-0.0014524721	0.9995854	-1.78043e-13	2.2195082e-15	4.8355485e-19	-1.7660125e-13	0.0030675698	-0.002904931	0.9991707	1.3733215e-08	-1.3005172e-08	1
0	0.0014633966	-0.0013854215	0.99960643	0	0	0.11499984	0.0014633966	-0.0013854215	0.99960643	-1.7804309e-13	2.2195997e-15	4.722354e-19	-1.7663665e-13	0.00292678	-0.0027708306	0.99921274	1.3102252e-08	-1.240419e-08	1
0	0.0013993244	-0.001324432	0.9996255	0	0	0.11999989	0.0013993244	-0.001324432	0.9996255	-1.7804317e-13	2.219683e-15	4.615207e-19	-1.7667206e-13	0.0027986362	-0.002648852	0.9992509	1.25279636e-08	-1.1857534e-08	1
0	0.0013405522	-0.0012685178	0.99964297	0	0	0.125	0.0013405522	-0.0012685178	0.99964297	-1.780432e-13	2.2197595e-15	4.5135446e-19	-1.767074e-13	0.0026810924	-0.0025370242	0.99928594	1.2001184e-08	-1.1356363e-08	1
0	0.0012864663	-0.0012170866	0.99965906	0	0	0.13000007	0.0012864663	-0.0012170866	0.99965906	-1.7804322e-13	2.2198296e-15	4.4169206e-19	-1.7674276e-13	0.002572921	-0.0024341624	0.99931806	1.1516413e-08	-1.0895381e-08	1
0	0.0012366003	-0.0011696911	0.99967384	0	0	0.13500017	0.0012366003	-0.0011696912	0.99967384	-1.7804329e-13	2.219894e-15	4.3249198e-19	-1.7677817e-13	0.0024731895	-0.002339372	0.99934775	1.1069451e-08	-1.047057e-08	1
0	0.0011904606	-0.0011258555	0.99968743	0	0	0.14000009	0.0011904606	-0.0011258555	0.9996876	-1.780433e-13	2.219954e-15	4.237186e-19	-1.7681353e-13	0.0023809108	-0.002251701	0.99937505	1.06558975e-08	-1.0077661e-08	1
0	0.0011476232	-0.0010851732	0.9997003	0	0	0.14500023	0.0011476232	-0.0010851732	0.9997003	-1.7804337e-13	2.2200092e-15	4.1533933e-19	-1.7684893e-13	0.002295236	-0.0021703367	0.9994005	1.0271935e-08	-9.713027e-09	1
0	0.0011077606	-0.00104733	0.99971205	0	0	0.14999981	0.0011077606	-0.00104733	0.9997121	-1.7804341e-13	2.2200604e-15	4.073253e-19	-1.7688432e-13	0.0022155112	-0.0020946509	0.99942404	9.914642e-09	-9.373832e-09	1
0	0.00107056	-0.0010120252	0.9997231	0	0	0.15500008	0.0010705601	-0.0010120253	0.9997231	-1.7804343e-13	2.2201083e-15	3.9965087e-19	-1.7691969e-13	0.0021411104	-0.0020240415	0.99944603	9.581215e-09	-9.057391e-09	1
0	0.0010359004	-0.0009791439	0.9997332	0	0	0.15999989	0.0010359004	-0.0009791439	0.99973327	-1.7804345e-13	2.220153e-15	3.9229371e-19	-1.7695506e-13	0.0020717913	-0.001958279	0.99946666	9.270554e-09	-8.762674e-09	1
0	0.0010031797	-0.00094810675	0.999743	0	0	0.1650002	0.0010031797	-0.0009481068	0.999743	-1.7804349e-13	2.220195e-15	3.852296e-19	-1.7699046e-13	0.0020063506	-0.001896205	0.9994859	8.977272e-09	-8.484485e-09	1
0	0.0009725659	-0.0009190777	0.9997519	0	0	0.17000006	0.0009725659	-0.0009190777	0.9997519	-1.780435e-13	2.2202343e-15	3.7844242e-19	-1.7702583e-13	0.0019451231	-0.0018381476	0.9995039	8.702881e-09	-8.2242915e-09	1
0	0.0009437574	-0.00089176814	0.9997604	0	0	0.17499986	0.0009437574	-0.0008917681	0.9997604	-1.7804352e-13	2.220271e-15	3.719135e-19	-1.7706122e-13	0.0018875063	-0.0017835282	0.9995207	8.444669e-09	-7.979518e-09	1
0	0.00091660646	-0.0008660338	0.99976844	0	0	0.18000017	0.00091660646	-0.00086603384	0.99976844	-1.7804353e-13	2.2203059e-15	3.6562717e-19	-1.7709659e-13	0.0018332046	-0.0017320598	0.99953675	8.201312e-09	-7.748852e-09	1
0	0.0008909727	-0.0008417434	0.99977595	0	0	0.18499996	0.0008909727	-0.0008417433	0.99977595	-1.7804356e-13	2.2203385e-15	3.5956887e-19	-1.7713198e-13	0.0017819375	-0.0016834792	0.9995518	7.971554e-09	-7.531135e-09	1
0	0.0008667295	-0.00081877486	0.99978304	0	0	0.19000006	0.0008667294	-0.0008187749	0.99978304	-1.7804356e-13	2.2203694e-15	3.5372525e-19	-1.7716735e-13	0.0017334512	-0.0016375424	0.999566	7.75426e-09	-7.325269e-09	1
0	0.0008437649	-0.0007970222	0.9997897	0	0	0.19499981	0.0008437649	-0.0007970222	0.9997897	-1.7804359e-13	2.2203984e-15	3.4808396e-19	-1.7720275e-13	0.0016875224	-0.0015940373	0.9995794	7.548428e-09	-7.130301e-09	1
0	0.0008013037	-0.00075681135	0.9998021	0	0	0.20499994	0.0008013037	-0.00075681135	0.9998021	-1.7804364e-13	2.2204524e-15	3.3736455e-19	-1.7727352e-13	0.0016026002	-0.001513616	0.99960417	7.1678397e-09	-6.76988e-09	1
0	0.0006401315	-0.0006042978	0.9998486	0	0	0.25499967	0.00064013153	-0.0006042978	0.99984866	-1.7804374e-13	2.2206538e-15	2.9279953e-19	-1.7762738e-13	0.0012802572	-0.0012085902	0.9996972	5.7232485e-09	-5.4028906e-09	1
0	0.00053287327	-0.00050289894	0.99987894	0	0	0.30500022	0.00053287327	-0.00050289894	0.99987894	-1.7804376e-13	2.220785e-15	2.5898544e-19	-1.7798122e-13	0.0010657418	-0.0010057935	0.99975806	4.7618927e-09	-4.494047e-09	1
0	0.00045636925	-0.00043061556	0.99990016	0	0	0.3549996	0.0004563693	-0.00043061556	0.9999002	-1.7804376e-13	2.2208768e-15	2.3228457e-19	-1.7833505e-13	0.0009127345	-0.0008612273	0.99980044	4.0761865e-09	-3.8461767e-09	1
0	0.0003990623	-0.0003764907	0.99991584	0	0	0.40499973	0.00039906226	-0.0003764907	0.99991584	-1.7804378e-13	2.220944e-15	2.1058002e-19	-1.7868893e-13	0.0007981211	-0.000752978	0.9998317	3.5625505e-09	-3.3610577e-09	1
0	0.00035452863	-0.00033444152	0.99992776	0	0	0.45500082	0.00035452866	-0.00033444152	0.9999277	-1.7804376e-13	2.2209954e-15	1.9254195e-19	-1.7904278e-13	0.0007090541	-0.00066888006	0.9998555	3.1633995e-09	-2.984177e-09	1
0	0.0003189287	-0.00030083448	0.99993706	0	0	0.5050003	0.0003189287	-0.0003008345	0.99993706	-1.7804376e-13	2.2210352e-15	1.7728623e-19	-1.7939666e-13	0.0006378545	-0.00060166634	0.9998742	2.8443212e-09	-2.6829645e-09	1
0	0.0002898258	-0.0002733648	0.9999445	0	0	0.55500025	0.0002898258	-0.0002733648	0.9999445	-1.7804376e-13	2.2210673e-15	1.641991e-19	-1.7975054e-13	0.000579649	-0.0005467272	0.999889	2.583476e-09	-2.4367557e-09	1
0	0.00026558244	-0.00025048497	0.99995065	0	0	0.60500026	0.00026558244	-0.00025048497	0.99995065	-1.7804375e-13	2.2210934e-15	1.5283908e-19	-1.8010441e-13	0.00053116254	-0.0005009676	0.9999013	2.3661881e-09	-2.23169e-09	1
0	0.00024508114	-0.00023113843	0.9999557	0	0	0.6549993	0.00024508114	-0.00023113843	0.9999557	-1.7804375e-13	2.2211152e-15	1.4287948e-19	-1.804583e-13	0.0004901601	-0.00046227482	0.99991137	2.1824456e-09	-2.0582938e-09	1
0	0.0002275155	-0.00021456355	0.99995995	0	0	0.70500124	0.00022751547	-0.00021456355	0.99995995	-1.7804374e-13	2.221133e-15	1.3407286e-19	-1.8081218e-13	0.000455029	-0.00042912518	0.99991995	2.025012e-09	-1.90974e-09	1
0	0.00021229994	-0.00020020701	0.9999636	0	0	0.7549992	0.00021229994	-0.00020020701	0.9999636	-1.7804371e-13	2.2211482e-15	1.2622793e-19	-1.8116604e-13	0.00042459797	-0.00040041225	0.99992716	1.8886417e-09	-1.7810677e-09	1
0	0.00019898903	-0.0001876484	0.99996674	0	0	0.80500025	0.00019898903	-0.0001876484	0.99996674	-1.7804371e-13	2.221162e-15	1.1919412e-19	-1.8151993e-13	0.00039797626	-0.00037529515	0.9999334	1.76934e-09	-1.6685139e-09	1
0	0.00018724897	-0.00017657231	0.9999695	0	0	0.85500133	0.00018724895	-0.00017657233	0.9999695	-1.7804368e-13	2.2211734e-15	1.1285128e-19	-1.818738e-13	0.00037449627	-0.00035314308	0.99993885	1.6641242e-09	-1.5692401e-09	1
0	0.0001768171	-0.00016673081	0.99997175	0	0	0.9049992	0.00017681709	-0.00016673081	0.99997175	-1.7804367e-13	2.2211834e-15	1.07102215e-19	-1.8222769e-13	0.0003536326	-0.00033346016	0.99994355	1.5706276e-09	-1.4810402e-09	1
0	0.00016748527	-0.00015792747	0.99997383	0	0	0.95500135	0.00016748525	-0.00015792747	0.99997395	-1.7804366e-13	2.221192e-15	1.0186732e-19	-1.8258156e-13	0.00033496902	-0.00031585354	0.9999478	1.4869962e-09	-1.4021394e-09	1
