# t (s)	mx ()	my ()	mz ()	B_extx (T)	B_exty (T)	B_extz (T)	mx ()	my ()	mz ()	E_anis (J)	E_demag (J)	E_exch (J)	E_total (J)	m_zrange1_x ()	m_zrange1_y ()	m_zrange1_z ()	m_zrange0_x ()	m_zrange0_y ()	m_zrange0_z ()
0	0	0	1	0	0	1	0	0	1	-1.7804318e-13	1.7992557e-15	-0	-1.8261403e-13	0	0	1	0	0	1
0	0.00016310679	-0.00015379707	0.9999746	0	0	0.94999886	0.00016310679	-0.00015379707	0.9999747	-1.7804366e-13	1.7991687e-15	1.0137601e-19	-1.8229582e-13	0.0003261919	-0.00030757367	0.9999493	2.1672045e-08	-2.0435065e-08	1
0	0.00017101652	-0.00016125877	0.9999729	0	0	0.900001	0.00017101652	-0.00016125877	0.99997294	-1.7804367e-13	1.7991624e-15	1.0599324e-19	-1.8197733e-13	0.0003420103	-0.0003224961	0.9999458	2.2733206e-08	-2.1436112e-08	1
0	0.00017973359	-0.00016948223	0.9999709	0	0	0.849999	0.00017973359	-0.00016948223	0.9999709	-1.7804367e-13	1.7991556e-15	1.1100915e-19	-1.8165882e-13	0.00035944325	-0.00033894193	0.99994177	2.3902691e-08	-2.2539373e-08	1
0	0.00018938484	-0.0001785874	0.99996877	0	0	0.8000007	0.00018938484	-0.00017858739	0.9999687	-1.7804368e-13	1.7991477e-15	1.1647743e-19	-1.8134034e-13	0.00037874444	-0.00035715103	0.9999373	2.5197512e-08	-2.3760922e-08	1
0	0.00020013246	-0.00018872715	0.9999662	0	0	0.75	0.00020013246	-0.00018872714	0.9999662	-1.7804371e-13	1.7991393e-15	1.2246218e-19	-1.8102185e-13	0.00040023832	-0.00037742918	0.9999323	2.6639439e-08	-2.5121288e-08	1
0	0.00021217219	-0.00020008639	0.99996334	0	0	0.69999945	0.00021217219	-0.00020008639	0.99996334	-1.7804372e-13	1.7991295e-15	1.2904036e-19	-1.8070337e-13	0.00042431615	-0.00040014615	0.9999266	2.825473e-08	-2.6645282e-08	1
0	0.00022575211	-0.00021289937	0.99996006	0	0	0.6500008	0.00022575211	-0.00021289937	0.99996006	-1.7804374e-13	1.7991179e-15	1.3630537e-19	-1.8038488e-13	0.0004514742	-0.0004257704	0.99992	3.007667e-08	-2.8364315e-08	1
0	0.00024118903	-0.00022746518	0.99995625	0	0	0.59999925	0.00024118903	-0.00022746518	0.99995625	-1.7804375e-13	1.799105e-15	1.4437175e-19	-1.800664e-13	0.00048234593	-0.00045490003	0.9999124	3.2147764e-08	-3.031853e-08	1
0	0.0002588895	-0.00024416787	0.99995184	0	0	0.5499998	0.0002588895	-0.00024416787	0.99995184	-1.7804375e-13	1.7990897e-15	1.5338203e-19	-1.7974789e-13	0.0005177444	-0.0004883032	0.9999037	3.4522557e-08	-3.2559463e-08	1
0	0.00027939084	-0.00026351504	0.9999466	0	0	0.5	0.00027939086	-0.00026351504	0.9999466	-1.7804376e-13	1.799072e-15	1.6351536e-19	-1.794294e-13	0.0005587445	-0.0005269949	0.99989325	3.727316e-08	-3.51552e-08	1
0	0.00030341698	-0.00028619033	0.9999405	0	0	0.4500005	0.00030341692	-0.00028619033	0.9999404	-1.7804376e-13	1.79905e-15	1.7500124e-19	-1.7911092e-13	0.0006067934	-0.0005723425	0.99988085	4.0496683e-08	-3.8197477e-08	1
0	0.00033196376	-0.00031313478	0.999933	0	0	0.40000036	0.00033196373	-0.00031313475	0.999933	-1.7804376e-13	1.7990243e-15	1.8813874e-19	-1.7879242e-13	0.00066388317	-0.0006262277	0.9998658	4.4326754e-08	-4.181256e-08	1
0	0.00036643192	-0.00034567245	0.9999237	0	0	0.34999973	0.00036643192	-0.00034567245	0.99992365	-1.7804378e-13	1.7989923e-15	2.033263e-19	-1.7847395e-13	0.0007328149	-0.0006912987	0.9998474	4.8951303e-08	-4.6178087e-08	1
0	0.0004088758	-0.00038574592	0.9999121	0	0	0.29999962	0.0004088758	-0.00038574592	0.9999121	-1.7804378e-13	1.7989517e-15	2.2110853e-19	-1.7815546e-13	0.00081769703	-0.0007714403	0.9998242	5.4645984e-08	-5.1554718e-08	1
0	0.0004624423	-0.00043633048	0.99989724	0	0	0.25	0.00046244226	-0.00043633045	0.99989724	-1.7804376e-13	1.7989e-15	2.4225347e-19	-1.7783698e-13	0.00092482264	-0.00087260257	0.9997945	6.1833006e-08	-5.834164e-08	1
0	0.0005402623	-0.0005098435	0.9998752	0	0	0.19499981	0.0005402623	-0.0005098436	0.9998752	-1.7804376e-13	1.798823e-15	2.707562e-19	-1.7748669e-13	0.0010804525	-0.0010196189	0.99975044	7.227418e-08	-6.820493e-08	1
0	0.0005486561	-0.0005177752	0.9998728	0	0	0.19000006	0.0005486561	-0.0005177752	0.9998728	-1.7804376e-13	1.7988149e-15	2.7368904e-19	-1.7745484e-13	0.0010972389	-0.0010354811	0.99974567	7.340037e-08	-6.926911e-08	1
0	0.00055731455	-0.0005259565	0.99987036	0	0	0.18499996	0.00055731455	-0.0005259565	0.99987036	-1.7804376e-13	1.798806e-15	2.7668804e-19	-1.7742299e-13	0.0011145546	-0.0010518426	0.99974066	7.456208e-08	-7.03668e-08	1
0	0.00056624797	-0.00053439813	0.9998678	0	0	0.18000017	0.00056624797	-0.00053439813	0.9998678	-1.7804375e-13	1.7987973e-15	2.7975512e-19	-1.7739114e-13	0.0011324201	-0.0010687249	0.9997355	7.576069e-08	-7.149944e-08	1
0	0.0005754705	-0.0005431136	0.9998651	0	0	0.17499986	0.00057547056	-0.0005431136	0.99986506	-1.7804375e-13	1.7987875e-15	2.8289287e-19	-1.773593e-13	0.0011508641	-0.0010861545	0.9997301	7.6998084e-08	-7.266879e-08	1
0	0.00058500055	-0.0005521196	0.9998623	0	0	0.17000006	0.00058500055	-0.0005521196	0.9998623	-1.7804375e-13	1.798778e-15	2.8610402e-19	-1.7732746e-13	0.0011699228	-0.0011041655	0.9997247	7.8276734e-08	-7.387713e-08	1
0	0.0005948529	-0.0005614305	0.99985945	0	0	0.1650002	0.0005948529	-0.0005614305	0.99985945	-1.7804375e-13	1.798768e-15	2.8939123e-19	-1.7729561e-13	0.0011896262	-0.0011227861	0.99971896	7.959864e-08	-7.5126394e-08	1
0	0.00060504035	-0.0005710592	0.99985653	0	0	0.15999989	0.00060504035	-0.0005710592	0.9998566	-1.7804375e-13	1.7987577e-15	2.9275773e-19	-1.7726376e-13	0.0012099996	-0.001142042	0.99971306	8.09655e-08	-7.641828e-08	1
0	0.00061558123	-0.0005810224	0.99985355	0	0	0.15500008	0.00061558123	-0.00058102247	0.99985355	-1.7804374e-13	1.798747e-15	2.962064e-19	-1.7723191e-13	0.0012310799	-0.001161967	0.999707	8.2379785e-08	-7.7755054e-08	1
0	0.00062649744	-0.00059134065	0.99985033	0	0	0.14999981	0.0006264975	-0.00059134065	0.99985033	-1.7804375e-13	1.7987359e-15	2.9974045e-19	-1.7720005e-13	0.001252911	-0.0011826024	0.9997006	8.3844434e-08	-7.913947e-08	1
0	0.00063780474	-0.0006020297	0.99984705	0	0	0.14500023	0.00063780474	-0.0006020297	0.99984705	-1.7804374e-13	1.7987242e-15	3.033636e-19	-1.7716822e-13	0.0012755241	-0.0012039787	0.9996941	8.536154e-08	-8.0573614e-08	1
0	0.0006495273	-0.0006131119	0.99984366	0	0	0.14000009	0.0006495273	-0.0006131119	0.99984366	-1.7804372e-13	1.7987124e-15	3.0707938e-19	-1.7713638e-13	0.0012989676	-0.0012261417	0.9996872	8.6934385e-08	-8.2060524e-08	1
0	0.0006616885	-0.0006246094	0.99984	0	0	0.13500017	0.0006616885	-0.0006246094	0.99984	-1.7804371e-13	1.7986999e-15	3.108915e-19	-1.7710452e-13	0.0013232887	-0.0012491352	0.99968016	8.8566054e-08	-8.3603155e-08	1
0	0.0006743189	-0.00063655095	0.99983644	0	0	0.13000007	0.0006743189	-0.00063655106	0.9998363	-1.7804371e-13	1.7986872e-15	3.1480447e-19	-1.7707268e-13	0.0013485475	-0.0012730167	0.9996728	9.02607e-08	-8.5205386e-08	1
0	0.00068743766	-0.0006489549	0.9998325	0	0	0.125	0.00068743766	-0.00064895494	0.9998325	-1.7804368e-13	1.7986734e-15	3.1882221e-19	-1.7704081e-13	0.0013747833	-0.001297823	0.999665	9.202087e-08	-8.686964e-08	1
0	0.00070107327	-0.00066184934	0.99982846	0	0	0.11999989	0.00070107327	-0.00066184934	0.9998285	-1.7804368e-13	1.7986594e-15	3.2294985e-19	-1.7700897e-13	0.0014020526	-0.0013236101	0.99965703	9.385038e-08	-8.8599705e-08	1
0	0.00071526185	-0.0006752675	0.9998243	0	0	0.11499984	0.0007152619	-0.0006752675	0.9998243	-1.7804367e-13	1.7986448e-15	3.2719186e-19	-1.7697713e-13	0.001430428	-0.0013504445	0.99964875	9.575408e-08	-9.0400036e-08	1
0	0.0007300373	-0.000689241	0.99982	0	0	0.10999988	0.0007300373	-0.000689241	0.99981993	-1.7804367e-13	1.7986296e-15	3.3155387e-19	-1.7694528e-13	0.0014599768	-0.0013783897	0.9996399	9.773652e-08	-9.2274874e-08	1
0	0.00074543303	-0.00070380326	0.99981546	0	0	0.10499983	0.00074543303	-0.0007038033	0.99981546	-1.7804366e-13	1.7986135e-15	3.3604135e-19	-1.7691344e-13	0.0014907663	-0.0014075125	0.9996308	9.98022e-08	-9.422872e-08	1
0	0.0007614918	-0.0007189937	0.99981076	0	0	0.10000009	0.0007614918	-0.0007189937	0.9998107	-1.7804366e-13	1.798597e-15	3.4066022e-19	-1.7688161e-13	0.0015228817	-0.0014378913	0.9996214	1.0195684e-07	-9.626684e-08	1
0	0.00077825953	-0.00073485624	0.9998057	0	0	0.09500003	0.0007782596	-0.0007348563	0.9998057	-1.7804364e-13	1.7985794e-15	3.4541713e-19	-1.7684976e-13	0.001556415	-0.0014696142	0.99961144	1.0420659e-07	-9.8395134e-08	1
0	0.0007957766	-0.0007514298	0.99980056	0	0	0.090000086	0.0007957767	-0.0007514297	0.99980056	-1.7804364e-13	1.7985612e-15	3.5031877e-19	-1.7681792e-13	0.0015914467	-0.0015027588	0.99960107	1.0655688e-07	-1.0061883e-07	1
0	0.0008141021	-0.00076876924	0.9997951	0	0	0.08500003	0.0008141021	-0.00076876924	0.99979514	-1.7804362e-13	1.798542e-15	3.553723e-19	-1.7678608e-13	0.0016280953	-0.0015374358	0.99959016	1.09015645e-07	-1.0294531e-07	1
0	0.00083329075	-0.00078692794	0.9997894	0	0	0.079999946	0.00083329075	-0.00078692794	0.99978936	-1.7804362e-13	1.798522e-15	3.6058605e-19	-1.7675424e-13	0.0016664698	-0.0015737505	0.9995787	1.1159022e-07	-1.0538167e-07	1
0	0.00085340196	-0.0008059616	0.9997833	0	0	0.074999906	0.00085340196	-0.0008059616	0.9997834	-1.7804359e-13	1.7985008e-15	3.659681e-19	-1.7672238e-13	0.0017066895	-0.0016118152	0.99956673	1.1428858e-07	-1.0793546e-07	1
0	0.00087450905	-0.00082594034	0.9997771	0	0	0.070000045	0.00087450905	-0.0008259404	0.999777	-1.7804357e-13	1.7984788e-15	3.7152791e-19	-1.7669052e-13	0.0017489011	-0.0016517701	0.9995541	1.1712056e-07	-1.10616035e-07	1
0	0.00089663255	-0.0008468853	0.9997704	0	0	0.065000035	0.0008966325	-0.0008468853	0.9997704	-1.7804355e-13	1.7984555e-15	3.7727498e-19	-1.7665868e-13	0.001793145	-0.0016936571	0.9995408	1.2008888e-07	-1.1342626e-07	1
0	0.00092001416	-0.0008690203	0.99976337	0	0	0.059999947	0.00092001416	-0.0008690203	0.9997635	-1.7804353e-13	1.798431e-15	3.8322055e-19	-1.7662683e-13	0.001839905	-0.0017379243	0.9995269	1.2322606e-07	-1.1639616e-07	1
0	0.0009445881	-0.0008922895	0.99975604	0	0	0.05499994	0.0009445881	-0.00089228945	0.99975604	-1.7804352e-13	1.7984051e-15	3.893756e-19	-1.76595e-13	0.0018890498	-0.0017844595	0.99951214	1.2652322e-07	-1.1951822e-07	1
0	0.0009705059	-0.0009168355	0.9997483	0	0	0.050000045	0.0009705059	-0.0009168355	0.99974835	-1.780435e-13	1.7983778e-15	3.9575304e-19	-1.7656316e-13	0.0019408821	-0.0018335482	0.99949646	1.3000064e-07	-1.228116e-07	1
0	0.0009978451	-0.0009427324	0.99974	0	0	0.045000043	0.0009978451	-0.0009427324	0.99974006	-1.7804349e-13	1.7983486e-15	4.0236593e-19	-1.7653133e-13	0.0019955568	-0.0018853386	0.9994801	1.336688e-07	-1.2628622e-07	1
0	0.0010268529	-0.0009702122	0.9997313	0	0	0.039999973	0.0010268529	-0.0009702122	0.9997313	-1.7804345e-13	1.7983177e-15	4.0923013e-19	-1.7649945e-13	0.0020535681	-0.0019402944	0.99946254	1.3756083e-07	-1.2997324e-07	1
0	0.0010575455	-0.0009992946	0.999722	0	0	0.035000023	0.0010575455	-0.0009992945	0.9997221	-1.7804343e-13	1.798285e-15	4.1636082e-19	-1.7646762e-13	0.0021149493	-0.001998455	0.999444	1.4167892e-07	-1.3387529e-07	1
0	0.0010900886	-0.0010301364	0.9997122	0	0	0.029999973	0.0010900886	-0.0010301365	0.9997122	-1.7804341e-13	1.7982505e-15	4.2377657e-19	-1.7643578e-13	0.002180031	-0.002060135	0.9994244	1.4604532e-07	-1.380134e-07	1
0	0.00112479	-0.0010630295	0.99970174	0	0	0.025000023	0.00112479	-0.0010630295	0.99970174	-1.780434e-13	1.7982137e-15	4.3149675e-19	-1.7640395e-13	0.0022494295	-0.0021259163	0.9994034	1.507013e-07	-1.4242671e-07	1
0	0.0011617171	-0.00109804	0.9996905	0	0	0.019999987	0.0011617171	-0.0010980399	0.9996905	-1.7804334e-13	1.798174e-15	4.3954243e-19	-1.7637209e-13	0.0023232787	-0.0021959327	0.99938095	1.5565587e-07	-1.4712415e-07	1
0	0.0012011408	-0.0011354259	0.9996785	0	0	0.014999987	0.0012011408	-0.001135426	0.9996785	-1.780433e-13	1.7981317e-15	4.4793764e-19	-1.7634025e-13	0.0024021207	-0.0022707	0.999357	1.6094545e-07	-1.5214032e-07	1
0	0.0012433318	-0.0011754457	0.99966574	0	0	0.009999993	0.0012433318	-0.0011754456	0.99966574	-1.7804326e-13	1.7980864e-15	4.5670885e-19	-1.763084e-13	0.002486497	-0.002350734	0.99933136	1.6660633e-07	-1.5750985e-07	1
0	0.0012886326	-0.0012184255	0.9996519	0	0	0.0049999966	0.0012886326	-0.0012184253	0.9996519	-1.7804322e-13	1.7980381e-15	4.6588565e-19	-1.7627656e-13	0.0025770925	-0.0024366875	0.999304	1.7268441e-07	-1.6327652e-07	1
0	0.001337292	-0.0012646052	0.9996371	0	0	-9.887924e-17	0.001337292	-0.0012646052	0.9996371	-1.7804318e-13	1.797986e-15	4.755002e-19	-1.7624472e-13	0.002674405	-0.0025290407	0.99927425	1.7921317e-07	-1.6947257e-07	1
0	0.0013898103	-0.0013144611	0.99962115	0	0	-0.0049999966	0.0013898103	-0.0013144611	0.99962103	-1.7804314e-13	1.7979293e-15	4.8558904e-19	-1.7621289e-13	0.0027794342	-0.002628746	0.9992422	1.8625967e-07	-1.7616182e-07	1
0	0.0014465832	-0.0013683724	0.9996038	0	0	-0.009999993	0.0014465832	-0.0013683724	0.99960375	-1.7804309e-13	1.797868e-15	4.961937e-19	-1.7618104e-13	0.0028929727	-0.002736561	0.9992075	1.9387703e-07	-1.8339522e-07	1
0	0.0015082259	-0.0014269267	0.999585	0	0	-0.014999987	0.0015082258	-0.0014269267	0.99958503	-1.7804302e-13	1.7978014e-15	5.0736126e-19	-1.7614919e-13	0.0030162497	-0.0028536622	0.99916995	2.0214776e-07	-1.912516e-07	1
0	0.0015753269	-0.0014906896	0.9995645	0	0	-0.019999987	0.0015753269	-0.0014906896	0.9995645	-1.7804295e-13	1.7977292e-15	5.1914434e-19	-1.7611737e-13	0.0031504426	-0.002981179	0.9991289	2.1115089e-07	-1.9980678e-07	1
0	0.0016486237	-0.0015603593	0.9995421	0	0	-0.025000023	0.0016486237	-0.0015603593	0.9995421	-1.7804288e-13	1.79765e-15	5.3160427e-19	-1.7608552e-13	0.0032970263	-0.0031205094	0.99908406	2.209853e-07	-2.0915454e-07	1
0	0.0017292118	-0.0016370047	0.99951744	0	0	-0.029999973	0.0017292118	-0.0016370047	0.99951744	-1.7804282e-13	1.7975625e-15	5.448094e-19	-1.760537e-13	0.003458192	-0.0032737898	0.9990349	2.3179803e-07	-2.1943822e-07	1
0	0.0018179773	-0.0017214686	0.99949026	0	0	-0.035000023	0.0018179773	-0.0017214686	0.99949026	-1.7804272e-13	1.7974666e-15	5.588401e-19	-1.7602185e-13	0.003635711	-0.0034427065	0.9989805	2.4370794e-07	-2.30771e-07	1
0	0.0019164095	-0.0018151527	0.9994601	0	0	-0.039999973	0.0019164095	-0.0018151527	0.9994601	-1.7804261e-13	1.79736e-15	5.737962e-19	-1.7599001e-13	0.0038325621	-0.0036300626	0.99892014	2.5691477e-07	-2.4334076e-07	1
0	0.0020258878	-0.0019193997	0.99942654	0	0	-0.045000043	0.002025888	-0.0019193997	0.9994265	-1.780425e-13	1.7972413e-15	5.897823e-19	-1.7595818e-13	0.0040515037	-0.0038385422	0.99885297	2.7160374e-07	-2.573278e-07	1
0	0.0021489356	-0.0020366507	0.9993889	0	0	-0.050000045	0.0021489356	-0.0020366507	0.9993889	-1.7804238e-13	1.7971077e-15	6.069332e-19	-1.7592634e-13	0.0042975834	-0.0040730285	0.9987777	2.8811337e-07	-2.730596e-07	1
0	0.002288152	-0.0021693828	0.99934626	0	0	-0.05499994	0.002288152	-0.0021693828	0.99934626	-1.780422e-13	1.7969567e-15	6.2541006e-19	-1.758945e-13	0.0045759976	-0.004338475	0.9986925	3.067924e-07	-2.908686e-07	1
0	0.002446465	-0.0023204272	0.9992978	0	0	-0.059999947	0.002446465	-0.0023204272	0.9992978	-1.7804206e-13	1.7967852e-15	6.453991e-19	-1.7586269e-13	0.0048926016	-0.004640544	0.9985956	3.280336e-07	-3.1113456e-07	1
0	0.0026269222	-0.002492634	0.9992423	0	0	-0.065000035	0.0026269222	-0.002492634	0.9992422	-1.7804184e-13	1.7965882e-15	6.6713197e-19	-1.7583085e-13	0.005253492	-0.004984935	0.9984845	3.52246e-07	-3.3423993e-07	1
0	0.0028387913	-0.0026951032	0.9991776	0	0	-0.070000045	0.002838791	-0.0026951032	0.9991776	-1.7804161e-13	1.7963587e-15	6.909249e-19	-1.7579902e-13	0.0056772023	-0.005389845	0.9983551	3.80673e-07	-3.6140563e-07	1
0	0.003086587	-0.0029320582	0.9991017	0	0	-0.074999906	0.003086587	-0.0029320582	0.99910176	-1.7804135e-13	1.7960895e-15	7.1713266e-19	-1.7576722e-13	0.00617276	-0.005863723	0.9982034	4.1392033e-07	-3.9319843e-07	1
0	0.0033825997	-0.003215253	0.9990113	0	0	-0.079999946	0.0033825994	-0.0032152527	0.9990113	-1.78041e-13	1.7957685e-15	7.462764e-19	-1.7573539e-13	0.0067647453	-0.006430075	0.99802256	4.5363697e-07	-4.3119522e-07	1
0	0.0037406173	-0.003558137	0.9989017	0	0	-0.08500003	0.003740617	-0.003558137	0.9989017	-1.7804058e-13	1.7953795e-15	7.789821e-19	-1.7570357e-13	0.0074807326	-0.007115797	0.99780333	5.0167296e-07	-4.772007e-07	1
0	0.004185067	-0.0039841174	0.9987658	0	0	-0.090000086	0.004185067	-0.0039841174	0.9987658	-1.7804006e-13	1.7948971e-15	8.1618976e-19	-1.7567176e-13	0.008369572	-0.0079677	0.9975316	5.6130574e-07	-5.343553e-07	1
0	0.004753733	-0.00452963	0.99859273	0	0	-0.09500003	0.004753733	-0.00452963	0.99859273	-1.7803939e-13	1.7942828e-15	8.5923417e-19	-1.7563994e-13	0.00950683	-0.009058653	0.9971855	6.376048e-07	-6.0754775e-07	1
0	0.0055029728	-0.005248851	0.99836475	0	0	-0.10000009	0.0055029728	-0.005248851	0.9983647	-1.7803849e-13	1.793473e-15	9.100976e-19	-1.7560813e-13	0.011005207	-0.010497	0.99672943	7.381314e-07	-7.0404684e-07	1
0	0.0065444866	-0.0062486464	0.9980487	0	0	-0.10499983	0.0065444866	-0.006248647	0.9980487	-1.7803722e-13	1.7923518e-15	9.72204e-19	-1.7557635e-13	0.013088095	-0.0124964565	0.99609745	8.7787294e-07	-8.381909e-07	1
0	0.008086214	-0.007727107	0.99758	0	0	-0.10999988	0.008086214	-0.0077271066	0.99758005	-1.7803531e-13	1.7906895e-15	1.0516102e-18	-1.7554456e-13	0.016171344	-0.015453177	0.99516016	1.0847277e-06	-1.0365573e-06	1
0	0.010725828	-0.010247499	0.9967876	0	0	-0.11499984	0.010725828	-0.010247498	0.9967876	-1.7803207e-13	1.7878841e-15	1.1626334e-18	-1.7551282e-13	0.021450214	-0.020493623	0.9935752	1.438885e-06	-1.3747195e-06	1
0	0.016374724	-0.0155393025	0.99505603	0	0	-0.11999989	0.016374724	-0.0155393025	0.99505603	-1.7802483e-13	1.7817889e-15	1.3521909e-18	-1.7548108e-13	0.032747254	-0.03107652	0.9901121	2.1967892e-06	-2.0847158e-06	1
0	0.022006508	-0.02075053	0.99262154	0	0	-0.125	0.022006508	-0.02075053	0.99262166	-1.7801476e-13	1.7733247e-15	1.6097917e-18	-1.7544943e-13	0.044010065	-0.041498277	0.9852433	2.9523756e-06	-2.783885e-06	1
0	0.022960208	-0.021630587	0.99211025	0	0	-0.13000007	0.022960206	-0.021630585	0.99211025	-1.7801267e-13	1.7715632e-15	1.678638e-18	-1.7541785e-13	0.045917332	-0.043258272	0.9842206	3.0803303e-06	-2.9019604e-06	1
0	0.02341187	-0.022050405	0.9918452	0	0	-0.13500017	0.023411868	-0.022050405	0.99184513	-1.7801159e-13	1.7706513e-15	1.7166774e-18	-1.7538626e-13	0.0468206	-0.044097856	0.9836904	3.1409318e-06	-2.9582895e-06	1
0	0.023934713	-0.022538409	0.9915222	0	0	-0.14000009	0.023934713	-0.022538409	0.9915222	-1.7801028e-13	1.7695421e-15	1.7639792e-18	-1.7535471e-13	0.047866214	-0.045073792	0.9830443	3.2110836e-06	-3.0237663e-06	1
0	0.024613166	-0.023173064	0.99108714	0	0	-0.14500023	0.024613166	-0.023173064	0.99108714	-1.7800851e-13	1.7680516e-15	1.827074e-18	-1.753232e-13	0.049223028	-0.046343017	0.9821743	3.3021124e-06	-3.108919e-06	1
0	0.025607832	-0.024104565	0.99042654	0	0	-0.14999981	0.025607834	-0.024104565	0.99042654	-1.7800582e-13	1.7657941e-15	1.9201085e-18	-1.7529173e-13	0.05121223	-0.048205897	0.980853	3.435566e-06	-3.2338983e-06	1
0	0.026623344	-0.025056211	0.9897263	0	0	-0.15500008	0.026623342	-0.025056211	0.9897263	-1.7800298e-13	1.7634103e-15	2.0161613e-18	-1.7526032e-13	0.05324311	-0.050109062	0.97945267	3.5718167e-06	-3.3615806e-06	1
0	0.027921194	-0.026272975	0.98879445	0	0	-0.15999989	0.027921194	-0.026272975	0.98879445	-1.779992e-13	1.7602528e-15	2.140749e-18	-1.7522901e-13	0.055838645	-0.052542426	0.97758883	3.7459474e-06	-3.5248331e-06	1
0	0.029614871	-0.027861083	0.98751813	0	0	-0.1650002	0.029614873	-0.027861083	0.98751813	-1.7799408e-13	1.7559563e-15	2.305968e-18	-1.7519784e-13	0.05922577	-0.05571843	0.9750364	3.9731844e-06	-3.737907e-06	1
0	0.03167826	-0.029795907	0.9858709	0	0	-0.17000006	0.03167826	-0.029795907	0.98587084	-1.7798748e-13	1.7504589e-15	2.5121572e-18	-1.7516689e-13	0.06335227	-0.059587818	0.9717416	4.2500233e-06	-3.9974984e-06	1
0	0.036950268	-0.03473592	0.98120546	0	0	-0.17499986	0.036950268	-0.03473592	0.98120546	-1.779691e-13	1.7352114e-15	3.0591294e-18	-1.7513702e-13	0.07389557	-0.06946719	0.9624109	4.9573355e-06	-4.660275e-06	1
0	-0.00062729215	0.00054092665	0.00026557216	0	0	-0.18000017	-0.00062729215	0.00054092665	0.00026557216	-1.7804326e-13	1.7970145e-15	4.8505113e-17	-1.7619745e-13	-0.0012545	0.0010817806	-0.99946886	-8.42254e-08	7.260944e-08	1
0	-0.0005838261	0.00055100105	0.00013730783	0	0	-0.18499996	-0.0005838261	0.000551001	0.00013730781	-1.7804375e-13	1.7973832e-15	4.7458664e-17	-1.7619875e-13	-0.0011675737	0.0011019281	-0.9997254	-7.8380914e-08	7.397398e-08	1
0	-0.0005743442	0.000542055	0.00013457486	0	0	-0.19000006	-0.0005743441	0.000542055	0.00013457486	-1.7804375e-13	1.7973927e-15	4.7455722e-17	-1.7619874e-13	-0.0011486112	0.0010840371	-0.9997309	-7.7111416e-08	7.277624e-08	1
0	-0.00056515646	0.0005333724	0.00013192797	0	0	-0.19499981	-0.00056515646	0.0005333724	0.00013192797	-1.7804375e-13	1.7974018e-15	4.7452844e-17	-1.7619874e-13	-0.001130237	0.0010666733	-0.9997362	-7.588132e-08	7.1613755e-08	1
0	-0.0005476317	0.0005168133	0.00012689931	0	0	-0.20499994	-0.0005476317	0.0005168133	0.00012689932	-1.7804376e-13	1.7974194e-15	4.744727e-17	-1.7619874e-13	-0.00109519	0.0010335571	-0.9997462	-7.3535006e-08	6.939672e-08	1
0	-0.00047411385	0.00044735984	0.00010602598	0	0	-0.25499967	-0.00047411385	0.00044735984	0.00010602599	-1.7804376e-13	1.7974924e-15	4.742259e-17	-1.7619868e-13	-0.00094816403	0.0008946596	-0.999788	-6.369201e-08	6.009788e-08	1
0	-0.0004179871	0.00039435207	9.0388115e-05	0	0	-0.30500022	-0.00041798706	0.00039435207	9.038811e-05	-1.7804378e-13	1.7975469e-15	4.740218e-17	-1.7619866e-13	-0.000835918	0.00078865106	-0.99981916	-5.6177473e-08	5.300091e-08	1
0	-0.0003737336	0.0003525677	7.828381e-05	0	0	-0.3549996	-0.0003737336	0.0003525677	7.828381e-05	-1.7804378e-13	1.797589e-15	4.738498e-17	-1.7619863e-13	-0.00074741704	0.000705088	-0.99984336	-5.0252606e-08	4.7406612e-08	1
0	-0.00033794733	0.00031878415	6.8676716e-05	0	0	-0.40499973	-0.00033794733	0.00031878412	6.867671e-05	-1.7804376e-13	1.7976224e-15	4.7370258e-17	-1.7619859e-13	-0.0006758492	0.00063752534	-0.9998627	-4.5461377e-08	4.2883492e-08	1
0	-0.00030841122	0.0002909049	6.088823e-05	0	0	-0.45500082	-0.00030841122	0.0002909049	6.088823e-05	-1.7804376e-13	1.7976496e-15	4.73575e-17	-1.7619857e-13	-0.00061678095	0.00058177055	-0.99987817	-4.1506958e-08	3.9150894e-08	1
0	-0.00028361956	0.00026750658	5.4466327e-05	0	0	-0.5050003	-0.00028361956	0.00026750658	5.4466327e-05	-1.7804376e-13	1.7976718e-15	4.734634e-17	-1.7619857e-13	-0.00056720094	0.0005349771	-0.99989104	-3.818776e-08	3.6018236e-08	1
0	-0.00026251405	0.00024758905	4.9095746e-05	0	0	-0.55500025	-0.00026251405	0.00024758905	4.9095746e-05	-1.7804375e-13	1.79769e-15	4.7336476e-17	-1.7619855e-13	-0.00052499276	0.0004951448	-0.99990183	-3.5362092e-08	3.3351608e-08	1
0	-0.00024433192	0.00023043156	4.4544944e-05	0	0	-0.60500026	-0.00024433192	0.00023043156	4.4544944e-05	-1.7804375e-13	1.7977059e-15	4.73277e-17	-1.7619855e-13	-0.0004886309	0.00046083203	-0.9999109	-3.2927822e-08	3.1054515e-08	1
0	-0.00022850429	0.0002154968	4.0647163e-05	0	0	-0.6549993	-0.00022850429	0.0002154968	4.0647163e-05	-1.7804374e-13	1.7977192e-15	4.7319836e-17	-1.7619852e-13	-0.0004569777	0.00043096452	-0.99991864	-3.0808796e-08	2.9055023e-08	1
0	-0.00021460015	0.00020237778	3.7282512e-05	0	0	-0.70500124	-0.00021460015	0.00020237778	3.7282516e-05	-1.7804372e-13	1.797731e-15	4.7312752e-17	-1.761985e-13	-0.0004291713	0.0004047283	-0.99992543	-2.8947294e-08	2.7298638e-08	1
0	-0.00020229149	0.00019076467	3.4347606e-05	0	0	-0.7549992	-0.00020229147	0.00019076467	3.4347606e-05	-1.7804371e-13	1.7977412e-15	4.730633e-17	-1.7619849e-13	-0.00040455564	0.00038150357	-0.9999313	-2.7299413e-08	2.5743862e-08	1
0	-0.00019131707	0.00018041085	3.1770705e-05	0	0	-0.80500025	-0.00019131709	0.00018041086	3.1770705e-05	-1.7804368e-13	1.7977501e-15	4.730048e-17	-1.7619847e-13	-0.00038260836	0.00036079736	-0.99993646	-2.5830172e-08	2.4357703e-08	1
0	-0.00018147261	0.00017112336	2.9496432e-05	0	0	-0.85500133	-0.00018147261	0.00017112336	2.9496432e-05	-1.7804367e-13	1.7977578e-15	4.7295133e-17	-1.7619845e-13	-0.0003629207	0.00034222365	-0.99994105	-2.451222e-08	2.3114309e-08	1
0	-0.00017259039	0.00016274404	2.7474127e-05	0	0	-0.9049992	-0.00017259039	0.00016274404	2.7474125e-05	-1.7804367e-13	1.7977645e-15	4.729023e-17	-1.7619845e-13	-0.00034515746	0.00032546607	-0.999945	-2.332309e-08	2.1992504e-08	1
0	-0.00016453744	0.00015514721	2.5667205e-05	0	0	-0.95500135	-0.00016453746	0.00015514721	2.5667207e-05	-1.7804366e-13	1.7977709e-15	4.728571e-17	-1.7619844e-13	-0.00032905262	0.00031027338	-0.9999487	-2.2244997e-08	2.0975468e-08	1
0	-0.00015790606	0.00014889157	2.4199751e-05	0	0	-1	-0.00015790606	0.00014889157	2.4199751e-05	-1.7804366e-13	1.797776e-15	4.728194e-17	-1.7619844e-13	-0.00031579076	0.00029776304	-0.99995166	-2.1357222e-08	2.0137996e-08	1
0	-0.00016530517	0.00015587093	2.5839152e-05	0	0	-0.94999886	-0.00016530517	0.00015587093	2.5839152e-05	-1.7804366e-13	1.7977705e-15	4.7286147e-17	-1.7619844e-13	-0.000330588	0.0003117208	-0.99994826	-2.2347773e-08	2.1072356e-08	1
0	-0.00017343531	0.0001635406	2.7665494e-05	0	0	-0.900001	-0.00017343531	0.0001635406	2.7665494e-05	-1.7804367e-13	1.7977641e-15	4.72907e-17	-1.7619845e-13	-0.00034684717	0.00032705913	-0.9999447	-2.3436206e-08	2.2099144e-08	1
0	-0.00018240641	0.00017200381	2.971177e-05	0	0	-0.849999	-0.00018240642	0.00017200381	2.971177e-05	-1.7804367e-13	1.7977571e-15	4.729565e-17	-1.7619845e-13	-0.0003647882	0.0003439844	-0.9999406	-2.4637224e-08	2.3232174e-08	1
0	-0.00019235522	0.00018138973	3.2015094e-05	0	0	-0.8000007	-0.00019235522	0.00018138971	3.2015094e-05	-1.7804368e-13	1.797749e-15	4.7301043e-17	-1.7619847e-13	-0.00038468445	0.00036275494	-0.999936	-2.5969149e-08	2.4488749e-08	1
0	-0.00020345258	0.00019185954	3.4621986e-05	0	0	-0.75	-0.00020345258	0.00019185952	3.462199e-05	-1.7804371e-13	1.7977402e-15	4.7306946e-17	-1.7619849e-13	-0.0004068777	0.00038369314	-0.99993074	-2.7454856e-08	2.5890442e-08	1
0	-0.00021590688	0.00020361008	3.7597736e-05	0	0	-0.69999945	-0.00021590688	0.00020361009	3.7597732e-05	-1.7804372e-13	1.7977302e-15	4.7313424e-17	-1.761985e-13	-0.00043178463	0.00040719274	-0.9999248	-2.9122234e-08	2.7463607e-08	1
0	-0.00022998333	0.00021689184	4.1009996e-05	0	0	-0.6500008	-0.00022998333	0.00021689184	4.1009996e-05	-1.7804374e-13	1.7977182e-15	4.7320584e-17	-1.7619852e-13	-0.00045993563	0.0004337544	-0.999918	-3.1006792e-08	2.9241777e-08	1
0	-0.00024602216	0.00023202592	4.4967797e-05	0	0	-0.59999925	-0.00024602213	0.00023202592	4.4967794e-05	-1.7804375e-13	1.7977044e-15	4.732854e-17	-1.7619855e-13	-0.00049201114	0.0004640206	-0.99991	-3.315409e-08	3.126796e-08	1
0	-0.00026446997	0.000249434	4.959115e-05	0	0	-0.5499998	-0.00026447	0.00024943403	4.9591155e-05	-1.7804375e-13	1.7976885e-15	4.7337406e-17	-1.7619855e-13	-0.0005289043	0.0004988345	-0.9999008	-3.562394e-08	3.359861e-08	1
0	-0.00028589915	0.00026965726	5.5056014e-05	0	0	-0.5	-0.00028589915	0.00026965726	5.5056014e-05	-1.7804376e-13	1.7976695e-15	4.734739e-17	-1.7619857e-13	-0.00057175977	0.00053927826	-0.9998899	-3.8492924e-08	3.6306158e-08	1
0	-0.00031110752	0.00029344906	6.159749e-05	0	0	-0.4500005	-0.00031110752	0.00029344903	6.1597486e-05	-1.7804376e-13	1.7976468e-15	4.7358697e-17	-1.7619859e-13	-0.00062217325	0.0005868586	-0.99987674	-4.1867914e-08	3.949149e-08	1
0	-0.00034119227	0.00032184596	6.954426e-05	0	0	-0.40000036	-0.0003411923	0.00032184596	6.9544265e-05	-1.7804376e-13	1.7976195e-15	4.7371634e-17	-1.761986e-13	-0.0006823386	0.0006436486	-0.9998609	-4.5895792e-08	4.3293408e-08	1
0	-0.00037770823	0.00035631808	7.9366e-05	0	0	-0.34999973	-0.00037770823	0.0003563181	7.936599e-05	-1.7804378e-13	1.7975852e-15	4.7386573e-17	-1.7619863e-13	-0.0007553656	0.0007125882	-0.9998413	-5.0784717e-08	4.79087e-08	1
0	-0.00042296838	0.0003990524	9.176728e-05	0	0	-0.29999962	-0.0004229684	0.0003990524	9.176728e-05	-1.7804378e-13	1.7975422e-15	4.7404057e-17	-1.7619866e-13	-0.0008458799	0.00079805125	-0.99981654	-5.6844375e-08	5.3630203e-08	1
0	-0.00048053666	0.0004534209	0.000107837724	0	0	-0.25	-0.00048053666	0.0004534209	0.000107837724	-1.7804376e-13	1.797486e-15	4.7424842e-17	-1.7619868e-13	-0.00096100883	0.00090678077	-0.99978435	-6.455193e-08	6.0909365e-08	1
0	-0.0005651066	0.0005333198	0.0001319231	0	0	-0.19499981	-0.0005651066	0.0005333198	0.0001319231	-1.7804375e-13	1.797402e-15	4.7452844e-17	-1.7619874e-13	-0.0011301372	0.001066568	-0.9997362	-7.5874624e-08	7.1606706e-08	1
0	-0.0005743056	0.0005420124	0.00013456977	0	0	-0.19000006	-0.0005743056	0.0005420124	0.00013456977	-1.7804375e-13	1.7973925e-15	4.745572e-17	-1.7619874e-13	-0.001148534	0.001083952	-0.9997309	-7.710624e-08	7.277053e-08	1
0	-0.0005837956	0.0005509807	0.00013730452	0	0	-0.18499996	-0.00058379554	0.0005509807	0.00013730452	-1.7804375e-13	1.7973832e-15	4.7458664e-17	-1.7619875e-13	-0.0011675127	0.0011018874	-0.9997254	-7.837682e-08	7.397126e-08	1
0	-0.00059360283	0.00056024943	0.00014013702	0	0	-0.18000017	-0.00059360283	0.0005602495	0.00014013702	-1.7804375e-13	1.7973732e-15	4.7461675e-17	-1.7619875e-13	-0.0011871259	0.0011204237	-0.99971974	-7.9689876e-08	7.521222e-08	1
0	-0.0006037457	0.00056983624	0.00014307312	0	0	-0.17499986	-0.0006037457	0.00056983624	0.00014307312	-1.7804375e-13	1.7973628e-15	4.7464752e-17	-1.7619876e-13	-0.0012074104	0.0011395959	-0.99971384	-8.104786e-08	7.649575e-08	1
0	-0.0006142479	0.00057976163	0.0001461176	0	0	-0.17000006	-0.00061424787	0.0005797616	0.0001461176	-1.7804374e-13	1.7973525e-15	4.7467905e-17	-1.7619875e-13	-0.0012284133	0.0011594455	-0.99970776	-8.245396e-08	7.782462e-08	1
0	-0.00062511413	0.0005900333	0.00014927312	0	0	-0.1650002	-0.0006251141	0.0005900333	0.00014927312	-1.7804372e-13	1.7973412e-15	4.7471128e-17	-1.7619875e-13	-0.0012501443	0.0011799873	-0.9997015	-8.390879e-08	7.9199864e-08	1
0	-0.00063637405	0.0006006773	0.00015254915	0	0	-0.15999989	-0.00063637405	0.0006006773	0.00015254917	-1.7804372e-13	1.7973298e-15	4.747443e-17	-1.7619876e-13	-0.0012726627	0.001201274	-0.9996949	-8.541634e-08	8.062494e-08	1
0	-0.00064804	0.00061170594	0.0001559532	0	0	-0.15500008	-0.00064804003	0.0006117058	0.0001559532	-1.7804372e-13	1.7973182e-15	4.7477808e-17	-1.7619878e-13	-0.0012959931	0.0012233296	-0.99968815	-8.697825e-08	8.2101515e-08	1
0	-0.00066014717	0.0006231523	0.00015948687	0	0	-0.14999981	-0.00066014717	0.00062315236	0.00015948687	-1.7804371e-13	1.7973057e-15	4.748128e-17	-1.7619876e-13	-0.0013202059	0.0012462209	-0.999681	-8.859922e-08	8.363404e-08	1
0	-0.00067271816	0.0006350373	0.00016316451	0	0	-0.14500023	-0.00067271816	0.0006350373	0.00016316451	-1.7804371e-13	1.7972925e-15	4.7484832e-17	-1.7619878e-13	-0.001345346	0.0012699895	-0.9996737	-9.028229e-08	8.5225295e-08	1
0	-0.00068577495	0.0006473828	0.00016699205	0	0	-0.14000009	-0.00068577495	0.0006473828	0.00016699205	-1.7804368e-13	1.797279e-15	4.748848e-17	-1.7619876e-13	-0.0013714578	0.0012946788	-0.99966604	-9.203041e-08	8.687819e-08	1
0	-0.000699344	0.0006602137	0.00017097636	0	0	-0.13500017	-0.000699344	0.00066021376	0.00017097636	-1.7804368e-13	1.7972652e-15	4.7492214e-17	-1.7619878e-13	-0.001398594	0.0013203388	-0.9996581	-9.384712e-08	8.859605e-08	1
0	-0.00071344414	0.0006735494	0.00017512731	0	0	-0.13000007	-0.0007134442	0.0006735494	0.0001751273	-1.7804367e-13	1.797251e-15	4.749605e-17	-1.7619878e-13	-0.0014267927	0.0013470084	-0.9996497	-9.573494e-08	9.03815e-08	1
0	-0.0007281595	0.00068746525	0.00017946045	0	0	-0.125	-0.0007281595	0.0006874652	0.00017946042	-1.7804367e-13	1.7972354e-15	4.749999e-17	-1.7619879e-13	-0.0014562213	0.0013748382	-0.99964106	-9.7705126e-08	9.2244655e-08	1
0	-0.0007434775	0.00070195354	0.0001839812	0	0	-0.11999989	-0.0007434775	0.00070195354	0.0001839812	-1.7804366e-13	1.7972197e-15	4.7504033e-17	-1.7619879e-13	-0.0014868552	0.0014038129	-0.999632	-9.9755994e-08	9.418444e-08	1
0	-0.0007594525	0.0007170645	0.00018870331	0	0	-0.11499984	-0.0007594526	0.0007170645	0.00018870331	-1.7804366e-13	1.7972032e-15	4.7508192e-17	-1.761988e-13	-0.0015188034	0.0014340327	-0.9996226	-1.01894834e-07	9.620759e-08	1
0	-0.00077612995	0.0007328416	0.00019364357	0	0	-0.10999988	-0.0007761299	0.00073284167	0.00019364359	-1.7804364e-13	1.7971858e-15	4.751246e-17	-1.761988e-13	-0.0015521557	0.0014655848	-0.9996127	-1.041277e-07	9.8319944e-08	1
0	-0.0007935511	0.0007493235	0.00019881142	0	0	-0.10499983	-0.0007935511	0.00074932346	0.00019881141	-1.7804364e-13	1.7971678e-15	4.7516858e-17	-1.7619882e-13	-0.0015869958	0.0014985465	-0.9996024	-1.06460156e-07	1.0052663e-07	1
0	-0.0008117714	0.0007665637	0.00020422877	0	0	-0.10000009	-0.0008117714	0.00076656375	0.00020422877	-1.7804362e-13	1.7971487e-15	4.7521377e-17	-1.7619882e-13	-0.001623434	0.0015330247	-0.99959165	-1.088996e-07	1.02834875e-07	1
0	-0.00083084893	0.00078461674	0.00020990652	0	0	-0.09500003	-0.00083084893	0.0007846167	0.00020990652	-1.7804362e-13	1.7971286e-15	4.7526043e-17	-1.7619885e-13	-0.0016615865	0.0015691281	-0.9995802	-1.11453815e-07	1.0525192e-07	1
0	-0.00085078855	0.0008034887	0.00021586363	0	0	-0.090000086	-0.00085078855	0.0008034887	0.00021586363	-1.7804359e-13	1.7971079e-15	4.7530837e-17	-1.7619883e-13	-0.001701463	0.0016068696	-0.99956834	-1.1412342e-07	1.077786e-07	1
0	-0.0008718179	0.00082339306	0.00022213483	0	0	-0.08500003	-0.0008718179	0.000823393	0.00022213483	-1.7804357e-13	1.7970856e-15	4.7535783e-17	-1.7619883e-13	-0.001743519	0.0016466756	-0.9995557	-1.16938985e-07	1.1044353e-07	1
0	-0.0008938578	0.0008442568	0.0002287262	0	0	-0.079999946	-0.0008938578	0.0008442568	0.00022872622	-1.7804355e-13	1.7970628e-15	4.754088e-17	-1.7619883e-13	-0.0017875956	0.0016884003	-0.99954253	-1.1988983e-07	1.1323691e-07	1
0	-0.0009170391	0.00086620374	0.00023567115	0	0	-0.074999906	-0.0009170391	0.00086620374	0.00023567112	-1.7804353e-13	1.7970382e-15	4.754615e-17	-1.7619885e-13	-0.0018339552	0.0017322913	-0.99952865	-1.2299347e-07	1.1617532e-07	1
0	-0.0009414498	0.00088931835	0.00024299575	0	0	-0.070000045	-0.0009414498	0.00088931835	0.00024299575	-1.7804353e-13	1.7970126e-15	4.7551586e-17	-1.7619885e-13	-0.0018827734	0.0017785173	-0.99951404	-1.2626174e-07	1.1927003e-07	1
0	-0.0009671931	0.0009136981	0.00025073258	0	0	-0.065000035	-0.0009671931	0.0009136981	0.00025073258	-1.780435e-13	1.7969855e-15	4.7557207e-17	-1.7619886e-13	-0.0019342564	0.0018272735	-0.9994986	-1.2970841e-07	1.2253416e-07	1
0	-0.0009943866	0.00093945436	0.00025891763	0	0	-0.059999947	-0.0009943866	0.0009394543	0.00025891766	-1.7804349e-13	1.7969565e-15	4.7563014e-17	-1.7619886e-13	-0.0019886398	0.0018787828	-0.99948215	-1.3334923e-07	1.2598257e-07	1
0	-0.0010231454	0.00096669944	0.00026758589	0	0	-0.05499994	-0.0010231452	0.00096669944	0.00026758589	-1.7804345e-13	1.796926e-15	4.7569023e-17	-1.7619886e-13	-0.0020461532	0.0019332692	-0.9994649	-1.3719963e-07	1.2963032e-07	1
0	-0.0010536216	0.0009955761	0.00027678336	0	0	-0.050000045	-0.0010536218	0.0009955761	0.00027678336	-1.7804343e-13	1.7968936e-15	4.7575257e-17	-1.7619887e-13	-0.0021071022	0.001991019	-0.9994464	-1.4128e-07	1.3349654e-07	1
0	-0.0010858244	0.0010260938	0.00028654773	0	0	-0.045000043	-0.0010858244	0.0010260937	0.00028654776	-1.7804341e-13	1.7968595e-15	4.7581715e-17	-1.7619889e-13	-0.0021715034	0.0020520499	-0.9994269	-1.4559141e-07	1.3758236e-07	1
0	-0.0011203389	0.00105881	0.00029696495	0	0	-0.039999973	-0.0011203389	0.00105881	0.00029696495	-1.780434e-13	1.7968226e-15	4.7588412e-17	-1.7619891e-13	-0.0022405277	0.002117478	-0.99940604	-1.502125e-07	1.4196269e-07	1
0	-0.0011569788	0.0010935472	0.00030806562	0	0	-0.035000023	-0.0011569788	0.0010935472	0.00030806562	-1.7804334e-13	1.7967835e-15	4.7595367e-17	-1.7619889e-13	-0.0023138023	0.002186948	-0.99938387	-1.551181e-07	1.4661353e-07	1
0	-0.0011960804	0.0011306267	0.00031993122	0	0	-0.029999973	-0.0011960804	0.0011306268	0.0003199312	-1.780433e-13	1.7967417e-15	4.7602603e-17	-1.761989e-13	-0.002392	0.0022611015	-0.99936014	-1.6035325e-07	1.5157795e-07	1
0	-0.0012379228	0.0011703141	0.00033263932	0	0	-0.025000023	-0.0012379227	0.001170314	0.0003326393	-1.7804328e-13	1.7966969e-15	4.7610117e-17	-1.7619893e-13	-0.0024756796	0.0023404711	-0.9993347	-1.659554e-07	1.5689156e-07	1
0	-0.0012826743	0.0012127697	0.00034627574	0	0	-0.019999987	-0.0012826743	0.0012127695	0.00034627574	-1.7804322e-13	1.796649e-15	4.7617956e-17	-1.7619891e-13	-0.0025651765	0.0024253763	-0.9993074	-1.7194694e-07	1.6257572e-07	1
0	-0.0013310199	0.0012586518	0.00036097073	0	0	-0.014999987	-0.0013310199	0.0012586518	0.00036097073	-1.7804318e-13	1.7965971e-15	4.7626135e-17	-1.7619893e-13	-0.0026618612	0.0025171349	-0.99927807	-1.7841978e-07	1.687188e-07	1
0	-0.0013830252	0.0013080193	0.00037681684	0	0	-0.009999993	-0.0013830252	0.0013080193	0.00037681684	-1.7804317e-13	1.7965412e-15	4.763466e-17	-1.7619897e-13	-0.002765865	0.002615863	-0.99924636	-1.8538259e-07	1.7532842e-07	1
0	-0.0014390685	0.0013612292	0.00039395498	0	0	-0.0049999966	-0.0014390682	0.0013612292	0.00039395498	-1.7804309e-13	1.7964806e-15	4.7643585e-17	-1.7619895e-13	-0.0028779437	0.0027222764	-0.9992121	-1.9288592e-07	1.8245245e-07	1
0	-0.0015002462	0.0014193462	0.0004125888	0	0	9.887924e-17	-0.0015002463	0.0014193461	0.0004125888	-1.7804305e-13	1.7964148e-15	4.7652922e-17	-1.7619897e-13	-0.0030002915	0.002838502	-0.9991749	-2.0107686e-07	1.902336e-07	1
0	-0.001566628	0.0014824218	0.0004328686	0	0	0.0049999966	-0.001566628	0.0014824218	0.0004328686	-1.7804296e-13	1.7963432e-15	4.766271e-17	-1.7619898e-13	-0.003133046	0.002964645	-0.9991343	-2.0996447e-07	1.9867858e-07	1
0	-0.0016391542	0.0015513622	0.00045504473	0	0	0.009999993	-0.0016391543	0.0015513622	0.00045504473	-1.7804288e-13	1.796265e-15	4.7672983e-17	-1.7619898e-13	-0.0032780892	0.003102517	-0.99908984	-2.1967472e-07	2.0790878e-07	1
0	-0.0017187285	0.0016270294	0.00047938843	0	0	0.014999987	-0.0017187285	0.0016270294	0.00047938843	-1.7804282e-13	1.7961789e-15	4.7683796e-17	-1.76199e-13	-0.0034372266	0.003253841	-0.9990412	-2.3032864e-07	2.1803959e-07	1
0	-0.0018064284	0.001710468	0.0005062273	0	0	0.019999987	-0.0018064284	0.001710468	0.00050622737	-1.7804273e-13	1.796084e-15	4.769519e-17	-1.7619902e-13	-0.0036126147	0.0034207066	-0.99898756	-2.4207043e-07	2.2921087e-07	1
0	-0.0019035641	0.0018029234	0.00053596526	0	0	0.025000023	-0.0019035641	0.0018029234	0.00053596526	-1.7804263e-13	1.7959788e-15	4.7707218e-17	-1.7619903e-13	-0.0038068732	0.003605605	-0.99892807	-2.5507558e-07	2.415894e-07	1
0	-0.0020117764	0.0019059627	0.0005691013	0	0	0.029999973	-0.0020117762	0.0019059627	0.0005691013	-1.7804252e-13	1.7958617e-15	4.7719944e-17	-1.7619905e-13	-0.004023283	0.0038116698	-0.9988618	-2.695637e-07	2.55385e-07	1
0	-0.0021330144	0.0020214743	0.000606235	0	0	0.035000023	-0.0021330141	0.002021474	0.000606235	-1.780424e-13	1.7957304e-15	4.7733443e-17	-1.7619906e-13	-0.004265743	0.0040426776	-0.9987876	-2.8579578e-07	2.7085042e-07	1
0	-0.0022698585	0.0021519372	0.00064814213	0	0	0.039999973	-0.0022698583	0.0021519372	0.00064814213	-1.7804226e-13	1.795582e-15	4.7747787e-17	-1.761991e-13	-0.0045394124	0.0043035857	-0.9987037	-3.0411735e-07	2.8831764e-07	1
0	-0.0024250248	0.0022999365	0.0006957596	0	0	0.045000043	-0.0024250248	0.0022999363	0.0006957596	-1.7804207e-13	1.7954132e-15	4.776307e-17	-1.7619909e-13	-0.0048497245	0.0045995647	-0.9986085	-3.2489194e-07	3.081327e-07	1
0	-0.0026039986	0.002470807	0.0007504695	0	0	0.050000045	-0.0026039986	0.0024708067	0.0007504696	-1.7804188e-13	1.7952194e-15	4.777942e-17	-1.7619912e-13	-0.0052076485	0.0049412823	-0.9984991	-3.488542e-07	3.3101006e-07	1
0	-0.0028098992	0.0026674448	0.00081374333	0	0	0.05499994	-0.0028098992	0.0026674448	0.0008137434	-1.7804164e-13	1.7949954e-15	4.7796957e-17	-1.7619913e-13	-0.005619422	0.005334532	-0.99837255	-3.764212e-07	3.5733706e-07	1
0	-0.003052182	0.0028990726	0.0008880007	0	0	0.059999947	-0.0030521818	0.0028990726	0.0008880007	-1.7804137e-13	1.7947322e-15	4.781583e-17	-1.7619916e-13	-0.0061039547	0.005797757	-0.99822396	-4.0885956e-07	3.8834887e-07	1
0	-0.0033424075	0.0031768067	0.0009765227	0	0	0.065000035	-0.0033424073	0.0031768067	0.0009765227	-1.7804104e-13	1.7944183e-15	4.7836225e-17	-1.761992e-13	-0.006684367	0.0063531883	-0.99804693	-4.4771704e-07	4.2553393e-07	1
0	-0.0036920211	0.0035115406	0.0010834535	0	0	0.070000045	-0.0036920214	0.003511541	0.0010834534	-1.7804065e-13	1.794039e-15	4.7858357e-17	-1.7619925e-13	-0.0073835487	0.007022611	-0.99783313	-4.945255e-07	4.7035024e-07	1
0	-0.0041248575	0.00392644	0.0012155783	0	0	0.074999906	-0.0041248575	0.00392644	0.0012155783	-1.7804015e-13	1.7935702e-15	4.788247e-17	-1.7619925e-13	-0.008249164	0.007852354	-0.9975688	-5.5247654e-07	5.2589985e-07	1
0	-0.004673357	0.004452495	0.0013830194	0	0	0.079999946	-0.0046733567	0.004452495	0.0013830193	-1.7803948e-13	1.7929763e-15	4.7908875e-17	-1.761993e-13	-0.009346088	0.008904394	-0.9972339	-6.259131e-07	5.963315e-07	1
0	-0.005396269	0.005146346	0.0016029304	0	0	0.08500003	-0.0053962683	0.005146346	0.0016029304	-1.7803864e-13	1.792196e-15	4.7937886e-17	-1.7619937e-13	-0.010791815	0.010292002	-0.99679416	-7.2270166e-07	6.892293e-07	1
0	-0.0063892407	0.006099555	0.0019049463	0	0	0.090000086	-0.0063892407	0.006099555	0.0019049463	-1.7803741e-13	1.7911249e-15	4.7969805e-17	-1.761994e-13	-0.012777626	0.012198294	-0.99619013	-8.556477e-07	8.168516e-07	1
0	-0.007859659	0.00751002	0.0023499387	0	0	0.09500003	-0.007859659	0.00751002	0.0023499387	-1.7803559e-13	1.7895477e-15	4.800461e-17	-1.7619947e-13	-0.015718266	0.015019033	-0.99530005	-1.0525185e-06	1.0056953e-06	1
0	-0.010266145	0.009810139	0.0030799452	0	0	0.10000009	-0.010266145	0.009810139	0.0030799452	-1.780326e-13	1.7869647e-15	4.8041125e-17	-1.7619955e-13	-0.020530915	0.019618966	-0.9938401	-1.3747175e-06	1.3136528e-06	1
0	-0.0151857035	0.014446297	0.004590272	0	0	0.10499983	-0.015185703	0.014446297	0.004590272	-1.7802631e-13	1.7816455e-15	4.8070847e-17	-1.7619966e-13	-0.030369375	0.028890658	-0.9908195	-2.0333887e-06	1.9343781e-06	1
0	-0.0217751	0.02054327	0.0072664516	0	0	0.10999988	-0.0217751	0.020543272	0.0072664516	-1.7801521e-13	1.7723352e-15	4.809319e-17	-1.7619989e-13	-0.043547288	0.04108379	-0.9854671	-2.915505e-06	2.7505735e-06	1
0	-0.022906827	0.021586133	0.007865755	0	0	0.11499984	-0.022906827	0.021586133	0.007865755	-1.7801277e-13	1.7702718e-15	4.8116524e-17	-1.7620013e-13	-0.045810584	0.043169376	-0.9842685	-3.066763e-06	2.8899492e-06	1
0	-0.02332297	0.021972643	0.008108681	0	0	0.11999989	-0.02332297	0.021972641	0.008108681	-1.7801177e-13	1.7694372e-15	4.8128508e-17	-1.7620042e-13	-0.046642818	0.04394234	-0.98378265	-3.1221998e-06	2.941434e-06	1
0	-0.023904758	0.022515442	0.008466881	0	0	0.125	-0.023904758	0.022515442	0.008466881	-1.7801033e-13	1.7682082e-15	4.8146974e-17	-1.7620072e-13	-0.047806315	0.04502787	-0.98306626	-3.1997995e-06	3.013831e-06	1
0	-0.024659429	0.023221126	0.008949812	0	0	0.13000007	-0.024659429	0.023221126	0.008949812	-1.7800835e-13	1.7665546e-15	4.8170694e-17	-1.7620103e-13	-0.049315557	0.046439145	-0.98210037	-3.300525e-06	3.1080158e-06	1
0	-0.025439182	0.02395126	0.0094666965	0	0	0.13500017	-0.025439184	0.02395126	0.009466696	-1.7800625e-13	1.7647898e-15	4.8194858e-17	-1.762014e-13	-0.050874963	0.04789931	-0.98106664	-3.4045893e-06	3.2054563e-06	1
0	-0.026429608	0.024879474	0.010146865	0	0	0.14000009	-0.026429608	0.024879474	0.010146865	-1.780035e-13	1.7624751e-15	4.8224722e-17	-1.7620184e-13	-0.052855678	0.049755618	-0.9797063	-3.5368275e-06	3.3293868e-06	1
0	-0.027695503	0.026066424	0.011051369	0	0	0.14500023	-0.027695501	0.026066422	0.01105137	-1.7799983e-13	1.7594107e-15	4.8260993e-17	-1.7620236e-13	-0.055387303	0.05212936	-0.9778973	-3.7059021e-06	3.487916e-06	1
0	-0.029078197	0.027363298	0.012083986	0	0	0.14999981	-0.029078197	0.027363298	0.012083986	-1.7799568e-13	1.7559317e-15	4.8298795e-17	-1.7620299e-13	-0.058152504	0.05472293	-0.97583205	-3.890574e-06	3.661124e-06	1
0	-0.03152044	0.029653858	0.014017661	0	0	0.15500008	-0.031520437	0.029653858	0.01401766	-1.7798793e-13	1.7494754e-15	4.8359497e-17	-1.7620394e-13	-0.063036665	0.05930375	-0.9719647	-4.2169604e-06	3.9672395e-06	1
0	-0.03328293	0.0313071	0.015504511	0	0	0.15999989	-0.03328293	0.031307094	0.015504511	-1.7798202e-13	1.7445638e-15	4.8400955e-17	-1.7620485e-13	-0.06656141	0.06261001	-0.96899104	-4.4523604e-06	4.1880458e-06	1
0	0.0006282038	-0.0005475004	0.999735	0	0	0.1650002	0.00062820385	-0.00054750044	0.999735	-1.7804326e-13	1.7984117e-15	1.3435414e-18	-1.7729431e-13	0.0012563237	-0.0010949275	0.9994702	8.4073484e-08	-7.325674e-08	1
0	0.0005850326	-0.0005521408	0.9998623	0	0	0.17000006	0.0005850326	-0.0005521408	0.9998623	-1.7804375e-13	1.798778e-15	2.8610626e-19	-1.7732746e-13	0.001169987	-0.0011042077	0.9997247	7.8281026e-08	-7.3879974e-08	1
0	0.00057551067	-0.00054315745	0.9998651	0	0	0.17499986	0.00057551067	-0.00054315745	0.9998651	-1.7804375e-13	1.7987878e-15	2.8289654e-19	-1.773593e-13	0.0011509443	-0.0010862423	0.99973017	7.700345e-08	-7.267464e-08	1
0	0.00056628586	-0.00053443987	0.99986774	0	0	0.18000017	0.00056628586	-0.0005344398	0.99986774	-1.7804375e-13	1.7987973e-15	2.7975874e-19	-1.7739114e-13	0.001132496	-0.0010688081	0.9997355	7.576575e-08	-7.1505e-08	1
0	0.00055735046	-0.0005259962	0.99987036	0	0	0.18499996	0.00055735046	-0.00052599615	0.99987036	-1.7804376e-13	1.798806e-15	2.766916e-19	-1.7742299e-13	0.0011146264	-0.001051922	0.99974066	7.4566884e-08	-7.037211e-08	1
0	0.0005487031	-0.00051782397	0.9998728	0	0	0.19000006	0.000548703	-0.00051782397	0.9998728	-1.7804376e-13	1.7988144e-15	2.736924e-19	-1.7745484e-13	0.0010973327	-0.0010355788	0.99974567	7.340665e-08	-6.927564e-08	1
0	0.0005402986	-0.00050988374	0.9998752	0	0	0.19499981	0.0005402986	-0.00050988374	0.9998751	-1.7804376e-13	1.7988227e-15	2.707593e-19	-1.7748669e-13	0.001080525	-0.0010196993	0.99975044	7.2279015e-08	-6.82103e-08	1
0	0.0005242619	-0.00049473194	0.9998797	0	0	0.20499994	0.0005242619	-0.00049473194	0.9998798	-1.7804376e-13	1.798839e-15	2.650813e-19	-1.7755037e-13	0.0010484537	-0.0009893978	0.99975955	7.012736e-08	-6.6177364e-08	1
0	0.0004564882	-0.00043071236	0.99989897	0	0	0.25499967	0.0004564882	-0.00043071236	0.9998989	-1.7804378e-13	1.798906e-15	2.399614e-19	-1.7786884e-13	0.0009129154	-0.00086136715	0.99979776	6.103413e-08	-5.758784e-08	1
0	0.0004042232	-0.00038135535	0.9999134	0	0	0.30500022	0.0004042232	-0.00038135535	0.9999134	-1.7804378e-13	1.798956e-15	2.1919568e-19	-1.7818731e-13	0.00080839236	-0.00076265977	0.9998268	5.4021733e-08	-5.0965628e-08	1
0	0.00036269095	-0.00034214248	0.9999248	0	0	0.3549996	0.00036269095	-0.00034214248	0.9999248	-1.7804378e-13	1.7989955e-15	2.017027e-19	-1.7850578e-13	0.00072533346	-0.0006842392	0.99984944	4.844938e-08	-4.5704475e-08	1
0	0.00032889182	-0.00031023618	0.9999337	0	0	0.40499973	0.00032889182	-0.00031023618	0.9999337	-1.7804376e-13	1.7990268e-15	1.8674157e-19	-1.7882427e-13	0.00065773964	-0.0006204309	0.9998675	4.391459e-08	-4.1423657e-08	1
0	0.00030085372	-0.00028377166	0.9999411	0	0	0.45500082	0.00030085372	-0.00028377166	0.9999411	-1.7804376e-13	1.7990525e-15	1.7378511e-19	-1.7914277e-13	0.00060166727	-0.0005675055	0.99988216	4.0152774e-08	-3.7872972e-08	1
0	0.00027721457	-0.00026146174	0.99994725	0	0	0.5050003	0.00027721457	-0.00026146174	0.99994725	-1.7804376e-13	1.7990736e-15	1.6244648e-19	-1.7946126e-13	0.0005543921	-0.00052288856	0.9998943	3.6981174e-08	-3.4879715e-08	1
0	0.00025701517	-0.00024239991	0.9999523	0	0	0.55500025	0.0002570152	-0.00024239994	0.9999523	-1.7804375e-13	1.7990914e-15	1.5243472e-19	-1.7977975e-13	0.0005139961	-0.00048476754	0.9999046	3.427109e-08	-3.2322262e-08	1
0	0.00023955965	-0.00022592845	0.99995667	0	0	0.60500026	0.00023955965	-0.00022592845	0.99995667	-1.7804375e-13	1.7991065e-15	1.4352615e-19	-1.8009825e-13	0.00047908735	-0.00045182684	0.9999133	3.1929147e-08	-3.0112353e-08	1
0	0.0002243266	-0.00021155487	0.9999604	0	0	0.6549993	0.0002243266	-0.00021155487	0.9999603	-1.7804374e-13	1.7991194e-15	1.3554564e-19	-1.8041673e-13	0.00044862332	-0.0004230816	0.9999208	2.988541e-08	-2.8183933e-08	1
0	0.0002109104	-0.00019889652	0.9999636	0	0	0.70500124	0.0002109104	-0.00019889652	0.9999636	-1.7804371e-13	1.7991304e-15	1.2835403e-19	-1.807352e-13	0.00042179273	-0.00039776653	0.99992716	2.8085436e-08	-2.6485639e-08	1
0	0.00019901004	-0.00018766869	0.99996644	0	0	0.7549992	0.00019901001	-0.0001876687	0.99996644	-1.7804371e-13	1.7991403e-15	1.2183905e-19	-1.8105371e-13	0.00039799357	-0.0003753124	0.9999329	2.6488845e-08	-2.4979279e-08	1
0	0.00018837895	-0.00017763894	0.9999689	0	0	0.80500025	0.00018837895	-0.00017763893	0.9999689	-1.7804368e-13	1.799149e-15	1.1590914e-19	-1.8137218e-13	0.00037673285	-0.00035525422	0.99993783	2.5062555e-08	-2.3633671e-08	1
0	0.00017882639	-0.00016862695	0.99997115	0	0	0.85500133	0.00017882639	-0.00016862695	0.9999711	-1.7804367e-13	1.7991564e-15	1.1048872e-19	-1.8169067e-13	0.00035762897	-0.00033723147	0.9999422	2.3780972e-08	-2.2424622e-08	1
0	0.0001701956	-0.00016048487	0.9999731	0	0	0.9049992	0.00017019564	-0.00016048487	0.99997306	-1.7804367e-13	1.7991628e-15	1.055149e-19	-1.8200918e-13	0.0003403686	-0.0003209484	0.9999461	2.2623075e-08	-2.1332283e-08	1
0	0.00016235886	-0.00015309207	0.9999748	0	0	0.95500135	0.00016235886	-0.00015309207	0.99997485	-1.7804366e-13	1.7991691e-15	1.0093486e-19	-1.8232766e-13	0.00032469613	-0.0003061638	0.99994963	2.1571699e-08	-2.0340476e-08	1
