# t (s)	mx ()	my ()	mz ()	B_extx (T)	B_exty (T)	B_extz (T)	mx ()	my ()	mz ()	E_anis (J)	E_demag (J)	E_exch (J)	E_total (J)	m_zrange1_x ()	m_zrange1_y ()	m_zrange1_z ()	m_zrange0_x ()	m_zrange0_y ()	m_zrange0_z ()
0	0	0	1	0	0	1	0	0	1	-1.7804318e-13	2.221299e-15	-0	-1.8289977e-13	0	0	1	0	0	1
0	0.00016727611	-0.00015772966	0.999974	0	0	0.94999886	0.00016727611	-0.00015772966	0.999974	-1.7804366e-13	2.2211925e-15	1.0289402e-19	-1.8254617e-13	0.00033453	-0.00031543837	0.99994785	2.2231992e-08	-2.096322e-08	1
0	0.00017658221	-0.0001665088	0.9999719	0	0	0.900001	0.00017658221	-0.0001665088	0.99997187	-1.7804367e-13	2.2211838e-15	1.08208646e-19	-1.8219229e-13	0.00035314093	-0.00033299546	0.9999437	2.3480528e-08	-2.2141045e-08	1
0	0.00018698587	-0.0001763236	0.99996954	0	0	0.849999	0.00018698587	-0.0001763236	0.9999695	-1.7804368e-13	2.2211737e-15	1.1404813e-19	-1.8183842e-13	0.00037394682	-0.00035262373	0.99993896	2.4876332e-08	-2.3457844e-08	1
0	0.00019868996	-0.00018736577	0.9999668	0	0	0.8000007	0.00019868996	-0.00018736577	0.99996686	-1.7804371e-13	2.221162e-15	1.204942e-19	-1.8148455e-13	0.00039735343	-0.00037470658	0.99993366	2.6446614e-08	-2.4939318e-08	1
0	0.00021195743	-0.00019988339	0.99996364	0	0	0.75	0.00021195743	-0.00019988339	0.99996364	-1.7804371e-13	2.2211489e-15	1.2764675e-19	-1.8113065e-13	0.00042388664	-0.00039974015	0.99992734	2.8226674e-08	-2.661876e-08	1
0	0.0002271206	-0.00021419047	0.99996006	0	0	0.69999945	0.0002271206	-0.00021419047	0.99996006	-1.7804372e-13	2.2211336e-15	1.3562948e-19	-1.807768e-13	0.00045421097	-0.0004283524	0.9999201	3.026108e-08	-2.8538302e-08	1
0	0.00024462224	-0.00023070481	0.99995583	0	0	0.6500008	0.00024462224	-0.00023070484	0.99995583	-1.7804375e-13	2.2211154e-15	1.4459758e-19	-1.8042291e-13	0.0004892118	-0.0004613789	0.9999116	3.2609254e-08	-3.075401e-08	1
0	0.00026504046	-0.00024997292	0.99995077	0	0	0.59999925	0.00026504046	-0.00024997292	0.99995077	-1.7804375e-13	2.2210936e-15	1.5474851e-19	-1.8006903e-13	0.0005300456	-0.0004999125	0.99990153	3.5348762e-08	-3.33392e-08	1
0	0.00028917825	-0.000272753	0.9999447	0	0	0.5499998	0.00028917822	-0.000272753	0.9999447	-1.7804376e-13	2.2210678e-15	1.6633842e-19	-1.7971516e-13	0.00057831785	-0.00054546964	0.9998894	3.8587345e-08	-3.6395612e-08	1
0	0.0003181455	-0.00030009417	0.99993724	0	0	0.5	0.0003181455	-0.00030009417	0.9999373	-1.7804376e-13	2.221036e-15	1.7970592e-19	-1.7936127e-13	0.0006362485	-0.0006001483	0.9998745	4.247393e-08	-4.0064002e-08	1
0	0.0003535631	-0.00033352812	0.99992794	0	0	0.4500005	0.00035356305	-0.00033352812	0.999928	-1.7804376e-13	2.2209964e-15	1.9531001e-19	-1.7900739e-13	0.000707079	-0.0006670117	0.99985594	4.722599e-08	-4.4549914e-08	1
0	0.00039784014	-0.00037533353	0.9999162	0	0	0.40000036	0.00039784014	-0.00037533353	0.9999162	-1.7804378e-13	2.2209452e-15	2.1379084e-19	-1.7865353e-13	0.0007956272	-0.00075061695	0.99983233	5.3166772e-08	-5.0159066e-08	1
0	0.0004547688	-0.0004290991	0.9999007	0	0	0.34999973	0.0004547688	-0.0004290991	0.9999007	-1.7804376e-13	2.2208789e-15	2.3607417e-19	-1.7829966e-13	0.0009094768	-0.0008581409	0.9998014	6.080511e-08	-5.7372976e-08	1
0	0.00053069583	-0.0005008343	0.9998795	0	0	0.29999962	0.0005306959	-0.0005008343	0.9998796	-1.7804376e-13	2.2207876e-15	2.6355936e-19	-1.7794582e-13	0.0010613208	-0.0010016018	0.9997592	7.099257e-08	-6.699798e-08	1
0	0.0006369775	-0.0006013087	0.9998495	0	0	0.25	0.0006369775	-0.00060130865	0.9998495	-1.7804372e-13	2.2206578e-15	2.9848936e-19	-1.7759196e-13	0.0012738698	-0.001202537	0.9996991	8.525289e-08	-8.04791e-08	1
0	0.0008167884	-0.0007714701	0.9997976	0	0	0.19499981	0.0008167884	-0.00077147	0.9997976	-1.7804362e-13	2.2204325e-15	3.5024073e-19	-1.7720275e-13	0.0016334674	-0.0015428367	0.99959517	1.09379116e-07	-1.0331053e-07	1
0	0.00083825516	-0.0007917969	0.9997913	0	0	0.19000006	0.00083825516	-0.00079179683	0.9997913	-1.7804362e-13	2.2204052e-15	3.5592114e-19	-1.7716738e-13	0.0016763981	-0.0015834876	0.99958265	1.1225943e-07	-1.0603789e-07	1
0	0.0008609579	-0.00081329944	0.9997847	0	0	0.18499996	0.0008609578	-0.0008132995	0.9997847	-1.7804359e-13	2.2203764e-15	3.6180614e-19	-1.7713198e-13	0.0017218003	-0.0016264901	0.99956936	1.15305596e-07	-1.0892302e-07	1
0	0.0008848788	-0.00083596096	0.9997777	0	0	0.18000017	0.00088487874	-0.00083596096	0.9997777	-1.7804356e-13	2.220346e-15	3.6790724e-19	-1.7709659e-13	0.0017696389	-0.00167181	0.99955535	1.1851519e-07	-1.11963644e-07	1
0	0.0009101557	-0.0008599135	0.9997703	0	0	0.17499986	0.0009101557	-0.0008599135	0.9997703	-1.7804353e-13	2.220314e-15	3.7423802e-19	-1.7706119e-13	0.0018201896	-0.0017197118	0.99954057	1.2190677e-07	-1.1517747e-07	1
0	0.0009369222	-0.0008852818	0.99976236	0	0	0.17000006	0.0009369222	-0.0008852818	0.99976236	-1.7804353e-13	2.2202802e-15	3.8081317e-19	-1.7702583e-13	0.0018737189	-0.001770445	0.99952483	1.2549818e-07	-1.1858128e-07	1
0	0.00096530735	-0.0009121907	0.99975413	0	0	0.1650002	0.00096530735	-0.0009121907	0.99975413	-1.7804352e-13	2.2202436e-15	3.8764853e-19	-1.7699046e-13	0.0019304855	-0.0018242592	0.99950814	1.2930677e-07	-1.221918e-07	1
0	0.0009953597	-0.00094068685	0.99974513	0	0	0.15999989	0.0009953597	-0.00094068685	0.99974513	-1.780435e-13	2.2202053e-15	3.947614e-19	-1.7695506e-13	0.0019905863	-0.0018812477	0.9994904	1.3333909e-07	-1.260153e-07	1
0	0.0010275445	-0.00097121357	0.9997357	0	0	0.15500008	0.0010275445	-0.00097121357	0.99973565	-1.7804345e-13	2.2201638e-15	4.021721e-19	-1.7691966e-13	0.0020549514	-0.0019422971	0.99947155	1.3765752e-07	-1.3011126e-07	1
0	0.0010617629	-0.001003678	0.99972564	0	0	0.14999981	0.0010617629	-0.001003678	0.99972564	-1.7804343e-13	2.2201195e-15	4.0990093e-19	-1.7688429e-13	0.0021233836	-0.0020072213	0.9994513	1.4224881e-07	-1.3446719e-07	1
0	0.0010983368	-0.0010383875	0.99971485	0	0	0.14500023	0.0010983368	-0.0010383875	0.99971485	-1.7804341e-13	2.2200727e-15	4.1797193e-19	-1.7684892e-13	0.0021965264	-0.0020766358	0.99942964	1.4715617e-07	-1.3912438e-07	1
0	0.0011375103	-0.0010755765	0.9997032	0	0	0.14000009	0.0011375103	-0.0010755765	0.9997032	-1.780434e-13	2.2200221e-15	4.2641083e-19	-1.7681355e-13	0.0022748683	-0.002151009	0.99940646	1.5241233e-07	-1.4411425e-07	1
0	0.0011795284	-0.0011154799	0.9996908	0	0	0.13500017	0.0011795283	-0.0011154799	0.9996908	-1.7804334e-13	2.219968e-15	4.3524574e-19	-1.7677816e-13	0.0023588985	-0.00223081	0.99938154	1.5805016e-07	-1.4946832e-07	1
0	0.0012248489	-0.0011585361	0.99967736	0	0	0.13000007	0.0012248489	-0.0011585361	0.99967736	-1.7804329e-13	2.2199092e-15	4.4451244e-19	-1.7674278e-13	0.0024495337	-0.0023169168	0.9993546	1.641311e-07	-1.5524543e-07	1
0	0.0012736237	-0.0012048894	0.9996628	0	0	0.125	0.0012736237	-0.0012048894	0.9996627	-1.7804326e-13	2.2198461e-15	4.542438e-19	-1.7670739e-13	0.002547077	-0.0024096174	0.9993256	1.7067552e-07	-1.6146492e-07	1
0	0.0013266647	-0.0012553273	0.999647	0	0	0.11999989	0.0013266648	-0.0012553274	0.999647	-1.780432e-13	2.219777e-15	4.6448285e-19	-1.76672e-13	0.002653152	-0.0025104862	0.9992941	1.7779242e-07	-1.6823252e-07	1
0	0.0013841838	-0.0013100468	0.99963	0	0	0.11499984	0.001384184	-0.0013100468	0.99963	-1.7804317e-13	2.2197026e-15	4.7527523e-19	-1.7663665e-13	0.0027681822	-0.002619918	0.99925977	1.8551016e-07	-1.7557454e-07	1
0	0.001446899	-0.0013697429	0.9996112	0	0	0.10999988	0.001446899	-0.0013697429	0.9996113	-1.7804309e-13	2.219621e-15	4.866735e-19	-1.7660125e-13	0.0028936043	-0.0027393026	0.9992225	1.9392502e-07	-1.8358438e-07	1
0	0.0015155034	-0.0014350822	0.9995908	0	0	0.10499983	0.0015155034	-0.0014350822	0.9995908	-1.7804306e-13	2.2195317e-15	4.9873837e-19	-1.7656589e-13	0.0030308035	-0.0028699718	0.99918157	2.0313013e-07	-1.9235134e-07	1
0	0.001590784	-0.0015068095	0.9995683	0	0	0.10000009	0.001590784	-0.0015068096	0.99956834	-1.7804296e-13	2.2194332e-15	5.115407e-19	-1.765305e-13	0.0031813548	-0.0030134171	0.9991365	2.1323105e-07	-2.0197544e-07	1
0	0.00167409	-0.0015862667	0.9995434	0	0	0.09500003	0.00167409	-0.0015862667	0.9995434	-1.7804287e-13	2.2193248e-15	5.2515805e-19	-1.7649512e-13	0.0033479552	-0.0031723205	0.9990868	2.2440877e-07	-2.126367e-07	1
0	0.0017667657	-0.0016747387	0.9995158	0	0	0.090000086	0.0017667657	-0.0016747387	0.9995158	-1.780428e-13	2.2192039e-15	5.396894e-19	-1.7645976e-13	0.0035332947	-0.0033492527	0.99903154	2.3684375e-07	-2.245076e-07	1
0	0.0018700599	-0.0017734253	0.9994849	0	0	0.08500003	0.0018700599	-0.0017734253	0.9994849	-1.7804272e-13	2.2190688e-15	5.5524204e-19	-1.764244e-13	0.0037398692	-0.0035466126	0.99896973	2.507034e-07	-2.3774899e-07	1
0	0.0019861283	-0.001884415	0.9994502	0	0	0.079999946	0.0019861283	-0.0018844152	0.9994502	-1.7804259e-13	2.218917e-15	5.7194974e-19	-1.76389e-13	0.00397199	-0.0037685777	0.9989004	2.6627708e-07	-2.5264123e-07	1
0	0.0021174764	-0.0020101636	0.99941087	0	0	0.074999906	0.0021174764	-0.0020101639	0.999411	-1.7804246e-13	2.2187456e-15	5.8997044e-19	-1.7635366e-13	0.0042346697	-0.004020058	0.99882185	2.8390104e-07	-2.6951375e-07	1
0	0.0022673027	-0.0021537915	0.99936604	0	0	0.070000045	0.0022673027	-0.0021537915	0.99936604	-1.7804229e-13	2.2185491e-15	6.0949423e-19	-1.7631827e-13	0.004534302	-0.004307294	0.99873215	3.0400432e-07	-2.887852e-07	1
0	0.0024393403	-0.0023189147	0.9993145	0	0	0.065000035	0.0024393403	-0.0023189147	0.99931455	-1.7804211e-13	2.2183232e-15	6.3075686e-19	-1.762829e-13	0.004878354	-0.0046375184	0.99862903	3.270878e-07	-3.109409e-07	1
0	0.0026405957	-0.0025124897	0.9992544	0	0	0.059999947	0.0026405957	-0.00251249	0.9992544	-1.780419e-13	2.21806e-15	6.5406107e-19	-1.7624755e-13	0.005280837	-0.0050246427	0.9985087	3.540917e-07	-3.3691418e-07	1
0	0.0028754368	-0.0027386465	0.9991838	0	0	0.05499994	0.0028754368	-0.0027386467	0.9991838	-1.7804161e-13	2.21775e-15	6.7976674e-19	-1.7621215e-13	0.005750488	-0.0054769265	0.99836737	3.8560202e-07	-3.672591e-07	1
0	0.0031602758	-0.0030138786	0.9990989	0	0	0.050000045	0.0031602758	-0.0030138786	0.9990989	-1.7804132e-13	2.2173783e-15	7.08394e-19	-1.7617681e-13	0.0063201278	-0.006027353	0.9981977	4.23821e-07	-4.0418885e-07	1
0	0.0035034588	-0.003346063	0.9989959	0	0	0.045000043	0.0035034588	-0.0033460627	0.99899596	-1.7804093e-13	2.2169268e-15	7.405684e-19	-1.7614145e-13	0.007006448	-0.0066916766	0.9979918	4.698684e-07	-4.4876032e-07	1
0	0.003929214	-0.0037594968	0.998868	0	0	0.039999973	0.0039292146	-0.0037594966	0.998868	-1.7804046e-13	2.2163655e-15	7.7718726e-19	-1.761061e-13	0.007857902	-0.0075184894	0.997736	5.269952e-07	-5.042336e-07	1
0	0.0044740275	-0.0042906706	0.9987045	0	0	0.035000023	0.0044740275	-0.0042906706	0.9987045	-1.7803979e-13	2.215648e-15	8.1955184e-19	-1.7607073e-13	0.008947454	-0.008580766	0.9974089	6.000968e-07	-5.755048e-07	1
0	0.005192998	-0.0049949307	0.9984884	0	0	0.029999973	0.005192998	-0.0049949307	0.9984883	-1.7803897e-13	2.2147e-15	8.695783e-19	-1.7603542e-13	0.010385299	-0.009989192	0.99697673	6.965666e-07	-6.700004e-07	1
0	0.006192819	-0.005980326	0.99818856	0	0	0.025000023	0.006192819	-0.005980326	0.99818856	-1.7803776e-13	2.213384e-15	9.304076e-19	-1.7600007e-13	0.012384808	-0.011959851	0.99637717	8.3072035e-07	-8.02218e-07	1
0	0.007653095	-0.0074298326	0.9977473	0	0	0.019999987	0.007653095	-0.0074298326	0.9977473	-1.7803594e-13	2.2114489e-15	1.0073194e-18	-1.7596473e-13	0.015305163	-0.014858669	0.9954946	1.0266568e-06	-9.967089e-07	1
0	0.010001653	-0.00978327	0.9970312	0	0	0.014999987	0.010001654	-0.00978327	0.99703115	-1.7803303e-13	2.2083115e-15	1.1109833e-18	-1.7592943e-13	0.020001965	-0.019565228	0.9940623	1.3417814e-06	-1.312487e-06	1
0	0.014414093	-0.014259563	0.9956636	0	0	0.009999993	0.014414094	-0.014259563	0.99566364	-1.7802731e-13	2.2023348e-15	1.2671925e-18	-1.7589418e-13	0.028826253	-0.028517213	0.99132717	1.9338338e-06	-1.9131062e-06	1
0	0.024806313	-0.0249455	0.9921622	0	0	0.0049999966	0.024806313	-0.024945498	0.9921622	-1.7801258e-13	2.1871325e-15	1.5615703e-18	-1.7585902e-13	0.049609296	-0.04988765	0.9843245	3.3282429e-06	-3.3469255e-06	1
0	0.058993995	-0.06030166	0.97623515	0	0	-9.887924e-17	0.058993995	-0.060301658	0.97623515	-1.7794646e-13	2.119771e-15	2.4952077e-18	-1.7582419e-13	0.11798007	-0.120595224	0.95247036	7.915517e-06	-8.091001e-06	1
0	0.064484805	-0.065935805	0.9721318	0	0	-0.0049999966	0.064484805	-0.065935805	0.9721318	-1.7792994e-13	2.102954e-15	2.7873594e-18	-1.757898e-13	0.12896097	-0.13186277	0.94426364	8.652318e-06	-8.847041e-06	1
0	0.0654873	-0.06696282	0.97130656	0	0	-0.009999993	0.0654873	-0.06696282	0.9713066	-1.7792664e-13	2.099599e-15	2.8506652e-18	-1.7575545e-13	0.1309658	-0.13391668	0.9426131	8.786876e-06	-8.984891e-06	1
0	0.06689945	-0.06840827	0.97009146	0	0	-0.014999987	0.06689945	-0.06840828	0.97009146	-1.779218e-13	2.094677e-15	2.9461402e-18	-1.7572121e-13	0.13378993	-0.13680738	0.94018286	8.976406e-06	-9.178893e-06	1
0	0.06851163	-0.070057675	0.96865356	0	0	-0.019999987	0.06851163	-0.070057675	0.96865356	-1.7791614e-13	2.088877e-15	3.0591753e-18	-1.7568706e-13	0.13701406	-0.14010595	0.9373071	9.192784e-06	-9.400268e-06	1
0	0.07140998	-0.07302187	0.9659611	0	0	-0.025000023	0.07140998	-0.07302187	0.9659611	-1.7790556e-13	2.0780865e-15	3.2669883e-18	-1.7565327e-13	0.14281036	-0.14603394	0.93192226	9.581765e-06	-9.79809e-06	1
0	0.07517675	-0.07687263	0.962271	0	0	-0.029999973	0.07517675	-0.07687264	0.96227103	-1.7789116e-13	2.0634426e-15	3.544609e-18	-1.7561985e-13	0.15034342	-0.15373497	0.9245419	1.00872985e-05	-1.0314902e-05	1
0	0.0016495062	-0.016061604	0.0041512796	0	0	-0.035000023	0.0016495059	-0.016061604	0.0041512796	-1.7802871e-13	2.2026382e-15	5.0103795e-17	-1.7577494e-13	0.0032987902	-0.032121055	-0.9916974	2.2168778e-07	-2.1567853e-06	1
0	0.0014024051	-0.015361978	0.003945133	0	0	-0.039999973	0.0014024051	-0.015361978	0.0039451327	-1.7802947e-13	2.2034143e-15	5.0084532e-17	-1.7577485e-13	0.0028046216	-0.030721894	-0.9921097	1.8852828e-07	-2.0630537e-06	1
0	0.001242026	-0.014864193	0.0037841434	0	0	-0.045000043	0.0012420261	-0.014864193	0.0037841431	-1.7803006e-13	2.2040164e-15	5.0040275e-17	-1.757748e-13	0.0024838853	-0.02972639	-0.99243176	1.6701195e-07	-1.9964082e-06	1
0	-0.0011157563	-0.0066945814	0.0018803492	0	0	-0.050000045	-0.0011157563	-0.0066945814	0.0018803494	-1.7803744e-13	2.2115484e-15	4.8950894e-17	-1.7577625e-13	-0.002231363	-0.013388263	-0.9962393	-1.4965282e-07	-8.993562e-07	1
0	-0.0012451255	-0.00617357	0.001778746	0	0	-0.05499994	-0.0012451255	-0.00617357	0.001778746	-1.7803781e-13	2.2119433e-15	4.892976e-17	-1.7577624e-13	-0.002490084	-0.012346311	-0.99644244	-1.6704567e-07	-8.2946144e-07	1
0	-0.001313942	-0.005852233	0.0017034009	0	0	-0.059999947	-0.0013139419	-0.005852233	0.0017034009	-1.7803807e-13	2.2122294e-15	4.8891172e-17	-1.7577621e-13	-0.0026277076	-0.01170368	-0.99659324	-1.7631233e-07	-7.863716e-07	1
0	-0.0013345729	-0.0057294285	0.0016627862	0	0	-0.065000035	-0.0013345729	-0.0057294285	0.0016627862	-1.7803818e-13	2.2123702e-15	4.872479e-17	-1.7577633e-13	-0.0026689665	-0.011458088	-0.9966744	-1.7912221e-07	-7.699387e-07	1
0	-0.0027711256	0.002636938	0.0007845491	0	0	-0.070000045	-0.0027711256	0.002636938	0.0007845491	-1.7804176e-13	2.2161681e-15	4.7780268e-17	-1.7577742e-13	-0.005541879	0.005273521	-0.99843085	-3.721293e-07	3.541087e-07	1
0	-0.0025535168	0.002428688	0.0007188659	0	0	-0.074999906	-0.0025535165	0.002428688	0.0007188659	-1.78042e-13	2.2164555e-15	4.7761865e-17	-1.757774e-13	-0.0051066903	0.0048570503	-0.9985623	-3.4292432e-07	3.261598e-07	1
0	-0.0023638804	0.0022463894	0.0006625077	0	0	-0.079999946	-0.0023638804	0.0022463892	0.0006625077	-1.7804218e-13	2.2167022e-15	4.7744786e-17	-1.7577736e-13	-0.004727443	0.0044924766	-0.9986751	-3.1747302e-07	3.016931e-07	1
0	-0.0022014107	0.002090495	0.0006139705	0	0	-0.08500003	-0.0022014107	0.002090495	0.00061397057	-1.7804237e-13	2.2169148e-15	4.7728884e-17	-1.7577736e-13	-0.0044025257	0.0041807094	-0.998772	-2.956679e-07	2.8077042e-07	1
0	-0.0020602155	0.0019552715	0.0005716811	0	0	-0.090000086	-0.0020602157	0.0019552715	0.0005716811	-1.780425e-13	2.2170996e-15	4.7714024e-17	-1.7577732e-13	-0.004120155	0.0039102803	-0.99885666	-2.7671823e-07	2.626221e-07	1
0	-0.0019354374	0.0018358601	0.0005344489	0	0	-0.09500003	-0.0019354374	0.0018358601	0.0005344489	-1.7804263e-13	2.217262e-15	4.77001e-17	-1.7577731e-13	-0.0038706148	0.0036714736	-0.9989311	-2.5997167e-07	2.465958e-07	1
0	-0.0018249108	0.0017302153	0.0005014593	0	0	-0.10000009	-0.0018249108	0.0017302153	0.0005014593	-1.7804275e-13	2.2174063e-15	4.7687022e-17	-1.757773e-13	-0.0036495763	0.0034601982	-0.99899715	-2.4513784e-07	2.3241707e-07	1
0	-0.0017266071	0.0016363572	0.00047205755	0	0	-0.10499983	-0.0017266072	0.0016363572	0.00047205755	-1.7804284e-13	2.2175346e-15	4.7674697e-17	-1.7577728e-13	-0.0034529825	0.0032724943	-0.99905586	-2.3194457e-07	2.1982036e-07	1
0	-0.0016379224	0.0015517296	0.0004456367	0	0	-0.10999988	-0.0016379224	0.0015517295	0.0004456367	-1.7804292e-13	2.2176502e-15	4.7663063e-17	-1.7577725e-13	-0.003275625	0.0031032509	-0.99910873	-2.2004211e-07	2.0846237e-07	1
0	-0.001558072	0.0014756053	0.00042181267	0	0	-0.11499984	-0.001558072	0.0014756054	0.00042181264	-1.7804298e-13	2.217754e-15	4.7652055e-17	-1.7577724e-13	-0.003115935	0.0029510125	-0.99915636	-2.0932536e-07	1.9824567e-07	1
0	-0.0014856099	0.0014065732	0.00040021076	0	0	-0.11999989	-0.0014856099	0.0014065731	0.00040021076	-1.7804307e-13	2.2178488e-15	4.7641616e-17	-1.7577724e-13	-0.0029710203	0.0028129574	-0.9991996	-1.9960021e-07	1.8898083e-07	1
0	-0.0014195814	0.0013437087	0.00038053672	0	0	-0.125	-0.0014195812	0.0013437087	0.00038053672	-1.7804311e-13	2.2179346e-15	4.7631703e-17	-1.7577724e-13	-0.0028389718	0.0026872365	-0.9992389	-1.907385e-07	1.8054374e-07	1
0	-0.0013591442	0.0012862016	0.00036254764	0	0	-0.13000007	-0.001359144	0.0012862016	0.0003625476	-1.7804318e-13	2.2180127e-15	4.7622267e-17	-1.7577721e-13	-0.0027181054	0.0025722303	-0.99927497	-1.8262719e-07	1.7282566e-07	1
0	-0.0013036419	0.0012334161	0.00034603826	0	0	-0.13500017	-0.0013036419	0.0012334161	0.00034603826	-1.7804322e-13	2.2180847e-15	4.7613277e-17	-1.757772e-13	-0.0026071088	0.0024666663	-0.99930793	-1.7517826e-07	1.657413e-07	1
0	-0.0012524597	0.0011847623	0.00033083497	0	0	-0.14000009	-0.0012524597	0.0011847623	0.00033083497	-1.7804328e-13	2.2181506e-15	4.76047e-17	-1.7577719e-13	-0.0025047513	0.0023693654	-0.9993383	-1.6830904e-07	1.5921142e-07	1
0	-0.0012051496	0.0011398086	0.00031679115	0	0	-0.14500023	-0.0012051496	0.0011398087	0.00031679115	-1.780433e-13	2.2182118e-15	4.7596495e-17	-1.7577717e-13	-0.0024101369	0.002279464	-0.9993664	-1.619595e-07	1.5317814e-07	1
0	-0.0011612822	0.001098143	0.00030378293	0	0	-0.14999981	-0.0011612822	0.001098143	0.00030378293	-1.7804334e-13	2.2182688e-15	4.758865e-17	-1.7577716e-13	-0.0023224084	0.0021961385	-0.9993925	-1.560721e-07	1.475862e-07	1
0	-0.0011204729	0.0010593963	0.00029170126	0	0	-0.15500008	-0.0011204728	0.0010593963	0.00029170123	-1.780434e-13	2.218321e-15	4.758113e-17	-1.7577717e-13	-0.0022407954	0.0021186504	-0.9994166	-1.5059503e-07	1.4238594e-07	1
0	-0.0010824441	0.001023302	0.00028045021	0	0	-0.15999989	-0.0010824441	0.001023302	0.00028045021	-1.7804343e-13	2.2183702e-15	4.757391e-17	-1.7577716e-13	-0.002164743	0.0020464663	-0.9994391	-1.4549121e-07	1.3754172e-07	1
0	-0.0010469	0.0009895763	0.00026995048	0	0	-0.1650002	-0.0010468999	0.0009895762	0.00026995048	-1.7804344e-13	2.2184163e-15	4.756698e-17	-1.7577714e-13	-0.0020936592	0.0019790197	-0.9994601	-1.407208e-07	1.3301536e-07	1
0	-0.0010136086	0.0009579974	0.000260128	0	0	-0.17000006	-0.0010136086	0.0009579974	0.000260128	-1.7804345e-13	2.2184587e-15	4.7560318e-17	-1.7577712e-13	-0.0020270813	0.0019158662	-0.9994798	-1.3625277e-07	1.2877712e-07	1
0	-0.0009823648	0.0009283684	0.00025092546	0	0	-0.17499986	-0.0009823649	0.0009283684	0.00025092546	-1.780435e-13	2.2184985e-15	4.7553905e-17	-1.7577714e-13	-0.0019645975	0.0018566122	-0.9994982	-1.3205951e-07	1.248006e-07	1
0	-0.0009529873	0.00090051664	0.00024228328	0	0	-0.18000017	-0.0009529873	0.00090051664	0.00024228329	-1.7804352e-13	2.2185364e-15	4.754773e-17	-1.7577713e-13	-0.0019058466	0.0018009122	-0.9995154	-1.2811675e-07	1.2106258e-07	1
0	-0.00092531706	0.00087428873	0.0002341539	0	0	-0.18499996	-0.00092531706	0.00087428873	0.0002341539	-1.7804353e-13	2.2185716e-15	4.754178e-17	-1.7577712e-13	-0.0018505099	0.0017484599	-0.9995317	-1.244031e-07	1.1754249e-07	1
0	-0.00089919916	0.00084953784	0.00022649519	0	0	-0.19000006	-0.00089919916	0.00084953784	0.00022649518	-1.7804355e-13	2.2186046e-15	4.753603e-17	-1.757771e-13	-0.0017982773	0.0016989616	-0.999547	-1.2089781e-07	1.1422069e-07	1
0	-0.00087451277	0.0008261484	0.00021926602	0	0	-0.19499981	-0.0008745127	0.0008261484	0.00021926599	-1.7804359e-13	2.2186362e-15	4.7530483e-17	-1.7577709e-13	-0.0017489077	0.0016521858	-0.9995615	-1.17584634e-07	1.1108156e-07	1
0	-0.0008289922	0.0007830299	0.00020596609	0	0	-0.20499994	-0.0008289922	0.0007830298	0.0002059661	-1.7804362e-13	2.2186935e-15	4.7519935e-17	-1.757771e-13	-0.0016578729	0.0015659545	-0.99958813	-1.114753e-07	1.052946e-07	1
0	-0.00065770844	0.0006209208	0.0001564131	0	0	-0.25499967	-0.00065770844	0.0006209208	0.0001564131	-1.7804372e-13	2.2189085e-15	4.7476025e-17	-1.7577705e-13	-0.0013153285	0.0012417581	-0.9996872	-8.848724e-08	8.3537806e-08	1
0	-0.0005450075	0.00051436696	0.00012441279	0	0	-0.30500022	-0.0005450075	0.00051436696	0.00012441278	-1.7804376e-13	2.2190465e-15	4.7442656e-17	-1.7577701e-13	-0.0010899417	0.0010286648	-0.9997511	-7.336161e-08	6.9237146e-08	1
0	-0.0004652567	0.00043901036	0.000102203325	0	0	-0.3549996	-0.0004652567	0.00043901036	0.00010220331	-1.7804376e-13	2.2191425e-15	4.7416276e-17	-1.7577694e-13	-0.00093045074	0.00087796163	-0.9997956	-6.265826e-08	5.9123522e-08	1
0	-0.00040584017	0.0003828913	8.598568e-05	0	0	-0.40499973	-0.00040584014	0.0003828913	8.598569e-05	-1.7804378e-13	2.2192126e-15	4.739481e-17	-1.7577693e-13	-0.0008116257	0.0007657309	-0.99982804	-5.4683973e-08	5.159177e-08	1
0	-0.00035987375	0.00033948777	7.368264e-05	0	0	-0.45500082	-0.0003598738	0.0003394878	7.368263e-05	-1.7804378e-13	2.2192653e-15	4.7376968e-17	-1.7577689e-13	-0.0007196991	0.00067892985	-0.9998526	-4.8514853e-08	4.5766594e-08	1
0	-0.0003232527	0.0003049159	6.40727e-05	0	0	-0.5050003	-0.0003232527	0.00030491588	6.40727e-05	-1.7804376e-13	2.2193066e-15	4.7361864e-17	-1.7577686e-13	-0.00064646173	0.0006097907	-0.99987185	-4.359997e-08	4.112673e-08	1
0	-0.00029339103	0.00027672976	5.6385143e-05	0	0	-0.55500025	-0.00029339103	0.00027672976	5.638514e-05	-1.7804376e-13	2.2193392e-15	4.7348907e-17	-1.7577686e-13	-0.00058674254	0.00055342214	-0.9998872	-3.959229e-08	3.7343902e-08	1
0	-0.0002685772	0.00025331104	5.0119044e-05	0	0	-0.60500026	-0.0002685772	0.00025331107	5.0119044e-05	-1.7804375e-13	2.219366e-15	4.7337654e-17	-1.7577683e-13	-0.0005371181	0.0005065879	-0.99989974	-3.6262083e-08	3.4200923e-08	1
0	-0.00024763195	0.00023354533	4.4924727e-05	0	0	-0.6549993	-0.00024763195	0.00023354532	4.4924727e-05	-1.7804375e-13	2.2193883e-15	4.7327787e-17	-1.7577682e-13	-0.00049523043	0.00046705912	-0.9999102	-3.3451084e-08	3.154821e-08	1
0	-0.00022971109	0.00021663522	4.0560422e-05	0	0	-0.70500124	-0.00022971109	0.00021663522	4.0560422e-05	-1.7804374e-13	2.219407e-15	4.731906e-17	-1.757768e-13	-0.00045939116	0.00043324116	-0.9999189	-3.1045985e-08	2.9278759e-08	1
0	-0.00021421231	0.0002020113	3.6852245e-05	0	0	-0.7549992	-0.00021421231	0.0002020113	3.6852245e-05	-1.7804372e-13	2.2194226e-15	4.7311287e-17	-1.7577679e-13	-0.00042839564	0.00040399528	-0.99992627	-2.8965971e-08	2.7316148e-08	1
0	-0.00020067049	0.00018923465	3.3668708e-05	0	0	-0.80500025	-0.00020067047	0.00018923465	3.3668708e-05	-1.7804371e-13	2.2194364e-15	4.7304312e-17	-1.7577678e-13	-0.00040131377	0.0003784437	-0.9999327	-2.7148602e-08	2.5601459e-08	1
0	-0.00018873738	0.00017797643	3.0909225e-05	0	0	-0.85500133	-0.00018873738	0.00017797643	3.0909225e-05	-1.7804368e-13	2.2194482e-15	4.729802e-17	-1.7577675e-13	-0.00037744918	0.00035592876	-0.99993825	-2.554714e-08	2.409056e-08	1
0	-0.00017814325	0.00016798188	2.8500013e-05	0	0	-0.9049992	-0.00017814327	0.00016798188	2.8500013e-05	-1.7804367e-13	2.2194584e-15	4.7292314e-17	-1.7577672e-13	-0.00035626238	0.0003359411	-0.999943	-2.4125375e-08	2.2749264e-08	1
0	-0.00016867826	0.00015905274	2.6383623e-05	0	0	-0.95500135	-0.00016867828	0.00015905274	2.6383626e-05	-1.7804366e-13	2.2194673e-15	4.7287123e-17	-1.7577671e-13	-0.00033733368	0.00031808397	-0.99994725	-2.2855177e-08	2.1550964e-08	1
0	-0.00016097663	0.00015178749	2.4686009e-05	0	0	-1	-0.00016097663	0.00015178749	2.468601e-05	-1.7804366e-13	2.2194743e-15	4.728283e-17	-1.7577672e-13	-0.0003219314	0.0003035544	-0.99995065	-2.1821611e-08	2.0575966e-08	1
0	-0.0001695693	0.00015989314	2.6582902e-05	0	0	-0.94999886	-0.0001695693	0.00015989314	2.6582902e-05	-1.7804366e-13	2.2194665e-15	4.7287626e-17	-1.7577671e-13	-0.00033911562	0.0003197646	-0.99994683	-2.2974726e-08	2.1663721e-08	1
0	-0.00017913927	0.00016892127	2.872678e-05	0	0	-0.900001	-0.00017913927	0.00016892128	2.8726776e-05	-1.7804367e-13	2.2194574e-15	4.729286e-17	-1.7577672e-13	-0.00035825433	0.00033781966	-0.99994254	-2.4259025e-08	2.2875309e-08	1
0	-0.00018986122	0.0001790363	3.116807e-05	0	0	-0.849999	-0.00018986122	0.00017903629	3.116807e-05	-1.7804368e-13	2.219447e-15	4.729862e-17	-1.7577675e-13	-0.00037969675	0.0003580484	-0.99993765	-2.569795e-08	2.423279e-08	1
0	-0.00020194016	0.00019043214	3.3964585e-05	0	0	-0.8000007	-0.00020194019	0.00019043214	3.3964585e-05	-1.7804371e-13	2.2194353e-15	4.7304967e-17	-1.7577678e-13	-0.00040385302	0.00038083852	-0.99993205	-2.7318986e-08	2.5762157e-08	1
0	-0.00021565764	0.0002033746	3.719934e-05	0	0	-0.75	-0.00021565765	0.0002033746	3.719934e-05	-1.7804372e-13	2.2194214e-15	4.731202e-17	-1.7577679e-13	-0.00043128614	0.0004067217	-0.9999256	-2.915993e-08	2.749909e-08	1
0	-0.00023137321	0.00021820313	4.0964496e-05	0	0	-0.69999945	-0.00023137321	0.00021820312	4.09645e-05	-1.7804374e-13	2.2194053e-15	4.7319886e-17	-1.757768e-13	-0.0004627151	0.00043637678	-0.99991804	-3.1269032e-08	2.9489161e-08	1
0	-0.00024956136	0.00023536563	4.5401757e-05	0	0	-0.6500008	-0.00024956136	0.00023536563	4.5401757e-05	-1.7804375e-13	2.2193862e-15	4.7328717e-17	-1.7577682e-13	-0.00049908896	0.0004706995	-0.9999092	-3.3709995e-08	3.179249e-08	1
0	-0.00027085206	0.0002554573	5.069165e-05	0	0	-0.59999925	-0.00027085206	0.0002554573	5.0691655e-05	-1.7804376e-13	2.219364e-15	4.7338713e-17	-1.7577683e-13	-0.0005416676	0.00051088014	-0.99989855	-3.6567364e-08	3.448894e-08	1
0	-0.00029610482	0.00027929049	5.7083627e-05	0	0	-0.5499998	-0.00029610482	0.00027929049	5.7083627e-05	-1.7804376e-13	2.2193364e-15	4.7350118e-17	-1.7577686e-13	-0.00059216964	0.00055854325	-0.9998858	-3.995647e-08	3.7687542e-08	1
0	-0.00032655263	0.00030802982	6.493513e-05	0	0	-0.5	-0.00032655263	0.00030802982	6.493513e-05	-1.7804376e-13	2.2193026e-15	4.736327e-17	-1.7577687e-13	-0.00065306114	0.0006160181	-0.99987006	-4.404282e-08	4.1544617e-08	1
0	-0.00036397003	0.00034335337	7.477452e-05	0	0	-0.4500005	-0.00036397003	0.00034335337	7.477452e-05	-1.7804378e-13	2.2192606e-15	4.7378616e-17	-1.757769e-13	-0.000727891	0.00068666047	-0.99985045	-4.9064578e-08	4.6285358e-08	1
0	-0.00041106105	0.0003878185	8.740428e-05	0	0	-0.40000036	-0.00041106105	0.00038781847	8.740428e-05	-1.7804378e-13	2.2192064e-15	4.739678e-17	-1.7577693e-13	-0.0008220667	0.0007755847	-0.9998252	-5.5384632e-08	5.2253025e-08	1
0	-0.00047213014	0.0004454987	0.00010410695	0	0	-0.34999973	-0.0004721301	0.00044549868	0.000104106955	-1.7804376e-13	2.2191342e-15	4.741866e-17	-1.7577695e-13	-0.00094419665	0.0008909374	-0.99979186	-6.3580714e-08	5.99943e-08	1
0	-0.00055446627	0.00052329997	0.00012708225	0	0	-0.29999962	-0.00055446627	0.00052329997	0.00012708225	-1.7804375e-13	2.219035e-15	4.744563e-17	-1.75777e-13	-0.0011088579	0.0010465294	-0.99974585	-7.463105e-08	7.043603e-08	1
0	-0.0006715165	0.00063397625	0.00016038702	0	0	-0.25	-0.0006715166	0.00063397625	0.00016038702	-1.7804368e-13	2.2188911e-15	4.7479863e-17	-1.7577702e-13	-0.0013429428	0.0012678674	-0.9996792	-9.0340414e-08	8.528998e-08	1
0	-0.0008744011	0.00082604104	0.00021925478	0	0	-0.19499981	-0.0008744011	0.00082604104	0.00021925481	-1.7804356e-13	2.2186364e-15	4.7530476e-17	-1.7577712e-13	-0.0017486848	0.0016519713	-0.99956155	-1.17569655e-07	1.1106714e-07	1
0	-0.0008990414	0.0008493823	0.00022648001	0	0	-0.19000006	-0.0008990413	0.00084938237	0.00022648001	-1.7804355e-13	2.2186048e-15	4.7536028e-17	-1.757771e-13	-0.0017979618	0.0016986507	-0.999547	-1.2087659e-07	1.1419978e-07	1
0	-0.00092520623	0.00087417656	0.00023414215	0	0	-0.18499996	-0.0009252062	0.00087417656	0.00023414215	-1.7804353e-13	2.2185716e-15	4.7541772e-17	-1.7577712e-13	-0.0018502881	0.0017482355	-0.99953175	-1.2438824e-07	1.1752745e-07	1
0	-0.0009528696	0.0009003989	0.00024226957	0	0	-0.18000017	-0.0009528696	0.00090039894	0.00024226955	-1.7804352e-13	2.2185362e-15	4.7547725e-17	-1.7577713e-13	-0.0019056111	0.0018006768	-0.9995155	-1.2810094e-07	1.2104678e-07	1
0	-0.0009822398	0.0009282455	0.0002509118	0	0	-0.17499986	-0.0009822398	0.0009282454	0.0002509118	-1.7804349e-13	2.2184985e-15	4.7553902e-17	-1.7577713e-13	-0.0019643474	0.0018563662	-0.99949825	-1.3204273e-07	1.2478408e-07	1
0	-0.0010134724	0.0009578657	0.00026011316	0	0	-0.17000006	-0.0010134724	0.0009578657	0.00026011313	-1.7804345e-13	2.2184587e-15	4.7560318e-17	-1.7577712e-13	-0.002026809	0.0019156026	-0.9994798	-1.3623448e-07	1.2875942e-07	1
0	-0.0010467487	0.0009894322	0.0002699344	0	0	-0.1650002	-0.0010467488	0.0009894322	0.0002699344	-1.7804344e-13	2.218416e-15	4.7566978e-17	-1.7577714e-13	-0.0020933566	0.0019787317	-0.9994602	-1.4070051e-07	1.32996e-07	1
0	-0.0010822695	0.001023138	0.0002804309	0	0	-0.15999989	-0.0010822695	0.001023138	0.0002804309	-1.7804343e-13	2.21837e-15	4.75739e-17	-1.7577716e-13	-0.0021643934	0.0020461385	-0.9994392	-1.4546774e-07	1.3751969e-07	1
0	-0.0011201889	0.0010591287	0.0002916758	0	0	-0.15500008	-0.0011201887	0.0010591287	0.0002916758	-1.780434e-13	2.2183215e-15	4.7581123e-17	-1.7577717e-13	-0.002240227	0.0021181148	-0.9994167	-1.5055686e-07	1.4234998e-07	1
0	-0.0011610717	0.0010979505	0.00030376215	0	0	-0.14999981	-0.0011610717	0.0010979505	0.00030376215	-1.7804334e-13	2.2182688e-15	4.758864e-17	-1.7577719e-13	-0.0023219874	0.0021957532	-0.99939245	-1.5604384e-07	1.4756033e-07	1
0	-0.0012049155	0.0011395966	0.0003167682	0	0	-0.14500023	-0.0012049155	0.0011395966	0.00031676822	-1.780433e-13	2.2182122e-15	4.7596492e-17	-1.7577717e-13	-0.002409669	0.00227904	-0.9993664	-1.619281e-07	1.5314967e-07	1
0	-0.0012522129	0.001184541	0.00033080985	0	0	-0.14000009	-0.0012522128	0.0011845409	0.00033080982	-1.7804326e-13	2.218151e-15	4.760469e-17	-1.757772e-13	-0.0025042575	0.0023689228	-0.9993384	-1.682759e-07	1.591817e-07	1
0	-0.0013033354	0.0012331421	0.00034600863	0	0	-0.13500017	-0.0013033354	0.0012331421	0.00034600863	-1.7804322e-13	2.218085e-15	4.761327e-17	-1.757772e-13	-0.0026064957	0.0024661184	-0.99930793	-1.7513707e-07	1.6570449e-07	1
0	-0.0013588037	0.0012858985	0.00036251548	0	0	-0.13000007	-0.0013588037	0.0012858984	0.00036251548	-1.7804318e-13	2.2180125e-15	4.7622264e-17	-1.7577721e-13	-0.0027174246	0.0025716238	-0.99927497	-1.8258147e-07	1.7278495e-07	1
0	-0.0014192008	0.0013433741	0.0003805002	0	0	-0.125	-0.0014192008	0.0013433741	0.0003805002	-1.7804311e-13	2.2179346e-15	4.7631693e-17	-1.7577724e-13	-0.0028382111	0.0026865678	-0.99923897	-1.9068742e-07	1.8049882e-07	1
0	-0.0014851664	0.0014061839	0.00040016815	0	0	-0.11999989	-0.0014851664	0.001406184	0.00040016818	-1.7804307e-13	2.2178488e-15	4.764161e-17	-1.7577724e-13	-0.0029701334	0.0028121793	-0.9991997	-1.9954066e-07	1.8892858e-07	1
0	-0.001557572	0.0014751698	0.000421765	0	0	-0.11499984	-0.001557572	0.0014751698	0.000421765	-1.7804298e-13	2.2177544e-15	4.7652042e-17	-1.7577724e-13	-0.003114935	0.002950141	-0.9991565	-2.0925823e-07	1.9818718e-07	1
0	-0.0016368688	0.0015507438	0.00044554702	0	0	-0.10999988	-0.0016368687	0.0015507437	0.00044554705	-1.7804294e-13	2.2176504e-15	4.766306e-17	-1.7577728e-13	-0.0032735178	0.003101279	-0.9991089	-2.199005e-07	2.0832984e-07	1
0	-0.0017252262	0.001635047	0.00047194277	0	0	-0.10499983	-0.0017252262	0.001635047	0.00047194277	-1.7804284e-13	2.2175354e-15	4.767469e-17	-1.7577728e-13	-0.0034502207	0.0032698745	-0.99905616	-2.3175897e-07	2.1964428e-07	1
0	-0.0018241404	0.0017295376	0.0005013911	0	0	-0.10000009	-0.0018241405	0.0017295376	0.0005013911	-1.7804275e-13	2.2174063e-15	4.7687012e-17	-1.757773e-13	-0.0036480362	0.0034588429	-0.9989973	-2.450344e-07	2.3232607e-07	1
0	-0.0019343905	0.0018349316	0.00053435646	0	0	-0.09500003	-0.0019343905	0.0018349318	0.00053435646	-1.7804263e-13	2.2172627e-15	4.770009e-17	-1.7577731e-13	-0.0038685212	0.0036696168	-0.9989313	-2.598311e-07	2.4647105e-07	1
0	-0.0020588455	0.001954015	0.0005715657	0	0	-0.090000086	-0.0020588455	0.001954015	0.0005715657	-1.780425e-13	2.2171e-15	4.7714018e-17	-1.7577732e-13	-0.0041174144	0.003907768	-0.9988568	-2.7653417e-07	2.624533e-07	1
0	-0.0022000102	0.0020892401	0.0006138491	0	0	-0.08500003	-0.0022000102	0.0020892401	0.00061384914	-1.7804237e-13	2.216915e-15	4.7728877e-17	-1.7577735e-13	-0.004399725	0.0041781995	-0.9987724	-2.9547982e-07	2.8060185e-07	1
0	-0.0023618252	0.0022444609	0.00066233805	0	0	-0.079999946	-0.0023618252	0.002244461	0.00066233805	-1.7804218e-13	2.2167028e-15	4.774478e-17	-1.7577736e-13	-0.0047233333	0.0044886204	-0.9986752	-3.1719694e-07	3.0143408e-07	1
0	-0.0025500269	0.0024253356	0.00071857445	0	0	-0.074999906	-0.0025500269	0.0024253356	0.00071857445	-1.7804198e-13	2.216457e-15	4.776186e-17	-1.7577737e-13	-0.0050997115	0.0048503457	-0.9985628	-3.4245548e-07	3.257094e-07	1
0	-0.002770145	0.002637287	0.0007844375	0	0	-0.070000045	-0.0027701452	0.002637287	0.0007844376	-1.7804176e-13	2.2161683e-15	4.7780262e-17	-1.7577742e-13	-0.005539919	0.00527422	-0.9984312	-3.7199757e-07	3.5415553e-07	1
0	-0.0030304983	0.002888333	0.00086259446	0	0	-0.065000035	-0.0030304983	0.002888333	0.00086259446	-1.7804147e-13	2.2158261e-15	4.7800183e-17	-1.7577743e-13	-0.006060589	0.0057762787	-0.99827486	-4.0693934e-07	3.878483e-07	1
0	-0.0033471077	0.003194552	0.0009571596	0	0	-0.059999947	-0.0033471077	0.0031945521	0.0009571596	-1.7804113e-13	2.215412e-15	4.782182e-17	-1.7577746e-13	-0.006693766	0.006388675	-0.99808574	-4.494315e-07	4.2894615e-07	1
0	-0.0037342487	0.0035700174	0.00107335	0	0	-0.05499994	-0.003734249	0.0035700174	0.00107335	-1.7804067e-13	2.2149024e-15	4.7845427e-17	-1.7577751e-13	-0.007467996	0.0071395556	-0.9978533	-5.013893e-07	4.7933725e-07	1
0	-0.0042243213	0.00404711	0.0012200832	0	0	-0.050000045	-0.004224321	0.00404711	0.0012200832	-1.780401e-13	2.2142593e-15	4.7871275e-17	-1.7577754e-13	-0.008448075	0.008093677	-0.9975598	-5.6716175e-07	5.4336806e-07	1
0	-0.0048587457	0.004667164	0.0014107607	0	0	-0.045000043	-0.0048587457	0.004667164	0.0014107607	-1.7803937e-13	2.2134233e-15	4.7899713e-17	-1.7577758e-13	-0.009716839	0.009333701	-0.9971785	-6.523072e-07	6.265851e-07	1
0	-0.005717233	0.005510724	0.001669058	0	0	-0.039999973	-0.005717233	0.0055107246	0.001669058	-1.7803833e-13	2.2122908e-15	4.7931007e-17	-1.7577763e-13	-0.011433697	0.011020709	-0.9966619	-7.675239e-07	7.3979913e-07	1
0	-0.006946157	0.006726576	0.0020391396	0	0	-0.035000023	-0.006946157	0.006726576	0.0020391396	-1.7803684e-13	2.2106685e-15	4.7965186e-17	-1.757777e-13	-0.013891383	0.013452249	-0.99592173	-9.32457e-07	9.0297834e-07	1
0	-0.0088362	0.0086123105	0.0026122555	0	0	-0.029999973	-0.0088362	0.0086123105	0.0026122557	-1.7803451e-13	2.2081581e-15	4.8001367e-17	-1.757778e-13	-0.017671213	0.017223462	-0.9947755	-1.1861174e-06	1.1560617e-06	1
0	-0.012072958	0.011876026	0.0036139376	0	0	-0.025000023	-0.012072957	0.011876026	0.0036139376	-1.7803036e-13	2.2037783e-15	4.8035017e-17	-1.757779e-13	-0.024144296	0.023750458	-0.9927721	-1.6205172e-06	1.5940805e-06	1
0	-0.018986845	0.018944036	0.005829665	0	0	-0.019999987	-0.018986845	0.018944036	0.005829665	-1.7802106e-13	2.1941298e-15	4.804089e-17	-1.7577807e-13	-0.037971143	0.03788553	-0.9883407	-2.5484158e-06	2.5426648e-06	1
0	-0.03905043	0.039689813	0.013518488	0	0	-0.014999987	-0.03905043	0.039689813	0.013518489	-1.7798875e-13	2.1610949e-15	4.783792e-17	-1.7577839e-13	-0.07809562	0.0793743	-0.97296304	-5.2410546e-06	5.3268527e-06	1
0	-0.058904104	0.06013675	0.025830902	0	0	-0.009999993	-0.058904108	0.06013675	0.025830902	-1.779383e-13	2.109756e-15	4.747223e-17	-1.7577923e-13	-0.1178003	0.120265424	-0.9483382	-7.905003e-06	8.070393e-06	1
0	-0.059680745	0.060933463	0.026442837	0	0	-0.0049999966	-0.059680738	0.060933467	0.026442837	-1.7793583e-13	2.1072577e-15	4.7463514e-17	-1.7578018e-13	-0.11935347	0.121858746	-0.9471143	-8.008459e-06	8.176527e-06	1
0	-0.06070638	0.06198365	0.027305245	0	0	9.887924e-17	-0.060706384	0.06198365	0.027305245	-1.7793242e-13	2.1037463e-15	4.745395e-17	-1.757812e-13	-0.12140462	0.123958975	-0.9453895	-8.145309e-06	8.316654e-06	1
0	-0.062052038	0.06336029	0.028484281	0	0	0.0049999966	-0.062052038	0.063360296	0.028484281	-1.7792769e-13	2.0989635e-15	4.7441035e-17	-1.757823e-13	-0.124095745	0.12671207	-0.94303143	-8.325072e-06	8.500557e-06	1
0	-0.063688576	0.06503359	0.029971048	0	0	0.009999993	-0.063688576	0.06503359	0.029971052	-1.779218e-13	2.0929587e-15	4.7423763e-17	-1.7578355e-13	-0.12736861	0.13005845	-0.9400579	-8.543829e-06	8.724226e-06	1
0	-0.06620121	0.06760155	0.03234764	0	0	0.014999987	-0.06620121	0.06760155	0.03234764	-1.7791245e-13	2.0834177e-15	4.7392605e-17	-1.7578507e-13	-0.13239354	0.13519403	-0.9353047	-8.880072e-06	9.067871e-06	1
0	-0.06931064	0.070778	0.03543599	0	0	0.019999987	-0.06931064	0.070778	0.03543599	-1.7790038e-13	2.0711264e-15	4.7346627e-17	-1.7578692e-13	-0.13861199	0.14154652	-0.92912805	-9.296313e-06	9.49308e-06	1
0	-0.006004905	0.015863685	0.9924	0	0	0.025000023	-0.0060049053	0.015863683	0.9924	-1.7802165e-13	2.1970614e-15	5.4581595e-18	-1.7599472e-13	-0.012009004	0.03172524	0.98479986	-8.059578e-07	2.1286512e-06	1
0	-0.0056006406	0.015188677	0.99265015	0	0	0.029999973	-0.0056006406	0.015188678	0.9926502	-1.7802247e-13	2.1979114e-15	5.4224266e-18	-1.7602991e-13	-0.011200529	0.030375317	0.9853003	-7.517145e-07	2.038082e-06	1
0	-0.005231809	0.014542038	0.9929135	0	0	0.035000023	-0.005231809	0.014542038	0.9929135	-1.7802333e-13	2.1987861e-15	5.3738326e-18	-1.7606514e-13	-0.010462915	0.029082123	0.985827	-7.0222615e-07	1.9513202e-06	1
0	-0.0050094514	0.014135999	0.9930948	0	0	0.039999973	-0.0050094514	0.014136	0.9930947	-1.7802388e-13	2.1993734e-15	5.3026467e-18	-1.7610037e-13	-0.010018231	0.0282701	0.9861893	-6.723974e-07	1.8968492e-06	1
0	-0.0012223483	0.0070287823	0.995781	0	0	0.045000043	-0.0012223483	0.0070287823	0.99578094	-1.7803241e-13	2.2081285e-15	3.9975104e-18	-1.7613744e-13	-0.0024445322	0.014056623	0.991562	-1.6425942e-07	9.432206e-07	1
0	-0.0009236797	0.006456879	0.99599135	0	0	0.050000045	-0.0009236797	0.006456879	0.99599135	-1.7803303e-13	2.2087913e-15	3.948042e-18	-1.7617277e-13	-0.0018472353	0.012912892	0.9919827	-1.2418525e-07	8.6648237e-07	1
0	-0.0007738044	0.006153087	0.9961221	0	0	0.05499994	-0.0007738044	0.006153087	0.9961221	-1.780334e-13	2.209194e-15	3.861459e-18	-1.7620811e-13	-0.0015475046	0.01230535	0.9922442	-1.0406095e-07	8.257076e-07	1
0	0.0006341684	0.0033720848	0.99720764	0	0	0.059999947	0.0006341684	0.0033720848	0.99720764	-1.780368e-13	2.2127378e-15	2.6628114e-18	-1.7624488e-13	0.001268252	0.0067437165	0.9944152	8.481315e-08	4.5254572e-07	1
0	0.0008466125	0.0029878425	0.99735415	0	0	0.065000035	0.0008466125	0.0029878425	0.99735415	-1.7803725e-13	2.213206e-15	2.600819e-18	-1.762803e-13	0.0016931116	0.005975284	0.9947081	1.1330884e-07	4.009758e-07	1
0	0.001045153	0.0026350897	0.9975089	0	0	0.070000045	0.0010451529	0.0026350892	0.9975089	-1.780377e-13	2.21369e-15	2.519586e-18	-1.7631571e-13	0.0020901659	0.005269825	0.9950179	1.3993608e-07	3.5362663e-07	1
0	0.0012121486	0.0023518857	0.99765587	0	0	0.074999906	0.0012121485	0.0023518857	0.9976558	-1.7803811e-13	2.214131e-15	2.4221492e-18	-1.7635115e-13	0.0024241344	0.0047034556	0.9953117	1.6232877e-07	3.1560631e-07	1
0	0.0013827436	0.0020877812	0.99782634	0	0	0.079999946	0.0013827436	0.0020877812	0.99782634	-1.7803852e-13	2.214601e-15	2.2756293e-18	-1.7638664e-13	0.0027653018	0.0041752825	0.9956527	1.8519968e-07	2.8014196e-07	1
0	0.0015555925	0.0018588926	0.99803054	0	0	0.08500003	0.0015555924	0.0018588925	0.9980306	-1.7803894e-13	2.2150733e-15	2.0438229e-18	-1.7642227e-13	0.0031109767	0.0037175354	0.9960612	2.0837084e-07	2.49401e-07	1
0	0.0016973289	0.0016913061	0.9982482	0	0	0.090000086	0.0016973288	0.0016913061	0.9982482	-1.7803926e-13	2.215471e-15	1.7445347e-18	-1.7645794e-13	0.0033944305	0.0033823857	0.99649644	2.2737957e-07	2.2690652e-07	1
0	0.001674578	-0.0015863497	0.9995433	0	0	0.09500003	0.0016745777	-0.0015863497	0.9995433	-1.7804287e-13	2.2193246e-15	5.25169e-19	-1.7649513e-13	0.003348931	-0.0031724868	0.99908674	2.2447418e-07	-2.126479e-07	1
0	0.0015916547	-0.0015076308	0.9995681	0	0	0.10000009	0.0015916547	-0.0015076308	0.9995682	-1.7804296e-13	2.219433e-15	5.115533e-19	-1.765305e-13	0.0031830962	-0.0030150595	0.99913645	2.1334779e-07	-2.0208559e-07	1
0	0.001515959	-0.0014354796	0.99959075	0	0	0.10499983	0.0015159589	-0.0014354797	0.99959075	-1.7804306e-13	2.2195315e-15	4.987508e-19	-1.765659e-13	0.0030317148	-0.002870767	0.9991815	2.0319118e-07	-1.9240458e-07	1
0	0.0014473514	-0.0013701459	0.9996112	0	0	0.10999988	0.0014473514	-0.0013701459	0.9996112	-1.7804309e-13	2.219621e-15	4.866851e-19	-1.7660125e-13	0.0028945094	-0.0027401084	0.9992224	1.9398567e-07	-1.8363838e-07	1
0	0.0013845311	-0.0013103544	0.9996299	0	0	0.11499984	0.0013845311	-0.0013103544	0.9996299	-1.7804317e-13	2.2197026e-15	4.75285e-19	-1.7663665e-13	0.0027688767	-0.002620533	0.99925977	1.8555666e-07	-1.7561575e-07	1
0	0.0013269784	-0.0012556073	0.999647	0	0	0.11999989	0.0013269784	-0.0012556073	0.999647	-1.780432e-13	2.219777e-15	4.6449226e-19	-1.76672e-13	0.002653779	-0.0025110466	0.99929404	1.7783441e-07	-1.6827e-07	1
0	0.0012741133	-0.0012053465	0.99966276	0	0	0.125	0.0012741132	-0.0012053465	0.9996628	-1.7804325e-13	2.2198461e-15	4.542536e-19	-1.767074e-13	0.0025480557	-0.0024105317	0.9993255	1.7074115e-07	-1.6152623e-07	1
0	0.0012250944	-0.0011587576	0.9996773	0	0	0.13000007	0.0012250944	-0.0011587576	0.9996773	-1.7804329e-13	2.2199092e-15	4.44521e-19	-1.7674278e-13	0.0024500242	-0.0023173597	0.9993546	1.6416399e-07	-1.5527507e-07	1
0	0.0011797793	-0.0011157098	0.9996908	0	0	0.13500017	0.0011797793	-0.0011157098	0.9996908	-1.7804333e-13	2.219968e-15	4.3525474e-19	-1.7677813e-13	0.0023594003	-0.00223127	0.99938154	1.5808376e-07	-1.4949912e-07	1
0	0.0011377133	-0.0010757633	0.9997032	0	0	0.14000009	0.0011377134	-0.0010757633	0.99970317	-1.7804338e-13	2.2200223e-15	4.2641871e-19	-1.7681355e-13	0.0022752746	-0.0021513824	0.99940646	1.5243951e-07	-1.4413926e-07	1
0	0.001098504	-0.0010385436	0.9997148	0	0	0.14500023	0.001098504	-0.0010385436	0.9997148	-1.7804341e-13	2.2200727e-15	4.1797912e-19	-1.7684892e-13	0.0021968607	-0.0020769483	0.9994296	1.4717855e-07	-1.3914529e-07	1
0	0.0010619179	-0.0010038248	0.9997256	0	0	0.14999981	0.0010619179	-0.0010038248	0.9997256	-1.7804343e-13	2.2201197e-15	4.0990788e-19	-1.7688429e-13	0.0021236935	-0.0020075152	0.99945116	1.4226957e-07	-1.3448684e-07	1
0	0.0010276868	-0.00097135024	0.9997357	0	0	0.15500008	0.0010276868	-0.00097135024	0.9997357	-1.7804345e-13	2.2201638e-15	4.0217876e-19	-1.7691966e-13	0.002055236	-0.0019425703	0.9994714	1.3767657e-07	-1.3012954e-07	1
0	0.0009955836	-0.00094090315	0.99974513	0	0	0.15999989	0.0009955836	-0.0009409032	0.99974513	-1.780435e-13	2.2202044e-15	3.9476776e-19	-1.7695506e-13	0.0019910338	-0.0018816803	0.99949026	1.3336907e-07	-1.2604427e-07	1
0	0.00096543506	-0.0009123168	0.99975413	0	0	0.1650002	0.00096543494	-0.0009123167	0.99975413	-1.7804352e-13	2.2202436e-15	3.8765473e-19	-1.7699046e-13	0.0019307407	-0.0018245112	0.99950814	1.2932387e-07	-1.2220866e-07	1
0	0.00093703426	-0.00088539504	0.99976236	0	0	0.17000006	0.00093703426	-0.00088539504	0.99976236	-1.7804353e-13	2.22028e-15	3.8081901e-19	-1.7702583e-13	0.001873943	-0.0017706713	0.99952483	1.2551315e-07	-1.1859643e-07	1
0	0.00091026624	-0.00086002494	0.9997703	0	0	0.17499986	0.00091026624	-0.00086002494	0.9997703	-1.7804353e-13	2.220314e-15	3.742436e-19	-1.7706119e-13	0.0018204105	-0.0017199349	0.99954057	1.2192153e-07	-1.151924e-07	1
0	0.000884977	-0.0008360627	0.9997777	0	0	0.18000017	0.000884977	-0.0008360627	0.9997777	-1.7804356e-13	2.220346e-15	3.679127e-19	-1.7709659e-13	0.0017698351	-0.0016720134	0.99955535	1.18528334e-07	-1.1197724e-07	1
0	0.0008610555	-0.0008133999	0.99978465	0	0	0.18499996	0.0008610555	-0.00081339997	0.9997847	-1.7804359e-13	2.2203764e-15	3.6181136e-19	-1.7713195e-13	0.0017219956	-0.001626691	0.9995693	1.1531865e-07	-1.0893646e-07	1
0	0.00083838677	-0.00079192844	0.99979126	0	0	0.19000006	0.00083838677	-0.0007919284	0.99979126	-1.7804362e-13	2.2204052e-15	3.559263e-19	-1.7716738e-13	0.0016766613	-0.0015837506	0.9995825	1.12277064e-07	-1.06055495e-07	1
0	0.0008168861	-0.00077156606	0.9997976	0	0	0.19499981	0.0008168861	-0.00077156606	0.9997976	-1.7804362e-13	2.2204323e-15	3.5024515e-19	-1.7720275e-13	0.0016336627	-0.001543029	0.99959517	1.0939219e-07	-1.0332338e-07	1
0	0.0007770187	-0.000733819	0.99980915	0	0	0.20499994	0.00077701866	-0.000733819	0.99980915	-1.7804364e-13	2.2204825e-15	3.3944977e-19	-1.7727352e-13	0.0015539333	-0.0014675397	0.9996183	1.0404295e-07	-9.8258646e-08	1
0	0.00062453764	-0.00058955164	0.99985313	0	0	0.25499967	0.00062453764	-0.0005895516	0.9998531	-1.7804375e-13	2.2206735e-15	2.945727e-19	-1.7762736e-13	0.0012489917	-0.0011790243	0.99970615	8.358374e-08	-7.8901564e-08	1
0	0.0005220196	-0.0004926423	0.99988204	0	0	0.30500022	0.0005220195	-0.0004926423	0.99988204	-1.7804376e-13	2.2207982e-15	2.6052472e-19	-1.779812e-13	0.0010439693	-0.0009852187	0.9997641	6.982841e-08	-6.589879e-08	1
0	0.00044838194	-0.00042307083	0.9999025	0	0	0.3549996	0.00044838196	-0.00042307083	0.99990237	-1.7804378e-13	2.220886e-15	2.336417e-19	-1.7833506e-13	0.000896704	-0.000846085	0.99980485	5.994814e-08	-5.6564126e-08	1
0	0.00039294566	-0.0003707146	0.9999175	0	0	0.40499973	0.00039294566	-0.00037071464	0.99991745	-1.7804378e-13	2.2209509e-15	2.1179145e-19	-1.7868892e-13	0.00078583875	-0.0007413797	0.9998349	5.2510057e-08	-4.9539317e-08	1
0	0.00034969105	-0.00032987454	0.999929	0	0	0.45500082	0.00034969102	-0.00032987454	0.9999291	-1.7804376e-13	2.2210006e-15	1.9363387e-19	-1.7904279e-13	0.0006993354	-0.000659705	0.99985796	4.670646e-08	-4.405969e-08	1
0	0.00031501625	-0.0002971412	0.999938	0	0	0.5050003	0.00031501625	-0.0002971412	0.99993813	-1.7804376e-13	2.2210394e-15	1.7827852e-19	-1.7939666e-13	0.0006299904	-0.00059424265	0.99987614	4.205407e-08	-3.9667803e-08	1
0	0.0002865873	-0.00027030837	0.99994534	0	0	0.55500025	0.00028658734	-0.00027030837	0.9999454	-1.7804376e-13	2.221071e-15	1.6510692e-19	-1.7975054e-13	0.0005731364	-0.0005405807	0.9998907	3.8239715e-08	-3.606761e-08	1
0	0.00026286385	-0.00024791935	0.99995136	0	0	0.60500026	0.00026286385	-0.00024791935	0.99995124	-1.7804375e-13	2.2210961e-15	1.5367442e-19	-1.8010441e-13	0.00052569265	-0.00049580564	0.9999026	3.5056726e-08	-3.3063667e-08	1
0	0.0002427649	-0.0002289527	0.9999563	0	0	0.6549993	0.0002427649	-0.00022895272	0.99995625	-1.7804375e-13	2.2211173e-15	1.4365205e-19	-1.804583e-13	0.00048549744	-0.00045787494	0.9999125	3.2360052e-08	-3.051893e-08	1
0	0.00022551733	-0.00021267822	0.99996054	0	0	0.70500124	0.00022551733	-0.00021267823	0.9999605	-1.7804374e-13	2.2211355e-15	1.3479052e-19	-1.8081218e-13	0.0004510046	-0.00042532806	0.99992085	3.0045967e-08	-2.8335403e-08	1
0	0.0002105587	-0.00019856424	0.999964	0	0	0.7549992	0.0002105587	-0.00019856424	0.99996406	-1.7804371e-13	2.2211506e-15	1.2689709e-19	-1.8116604e-13	0.00042108938	-0.00039710206	0.999928	2.8039004e-08	-2.6441773e-08	1
0	0.00019746114	-0.00018620687	0.99996704	0	0	0.80500025	0.00019746115	-0.00018620687	0.9999671	-1.7804368e-13	2.2211635e-15	1.1982025e-19	-1.815199e-13	0.000394896	-0.00037238895	0.99993414	2.6281747e-08	-2.4783828e-08	1
0	0.00018589564	-0.00017529554	0.9999698	0	0	0.85500133	0.00018589564	-0.00017529554	0.9999697	-1.7804367e-13	2.221175e-15	1.1343898e-19	-1.8187379e-13	0.0003717665	-0.0003505678	0.99993944	2.4730053e-08	-2.3319906e-08	1
0	0.00017560976	-0.00016559189	0.99997216	0	0	0.9049992	0.00017560976	-0.00016559189	0.99997205	-1.7804367e-13	2.2211849e-15	1.0765532e-19	-1.8222769e-13	0.00035119615	-0.00033116175	0.99994415	2.335006e-08	-2.2018021e-08	1
0	0.00016640247	-0.00015690603	0.99997413	0	0	0.95500135	0.00016640246	-0.00015690603	0.99997413	-1.7804366e-13	2.2211933e-15	1.023892e-19	-1.8258156e-13	0.00033278283	-0.0003137912	0.99994826	2.2114776e-08	-2.0852712e-08	1
