# t (s)	mx ()	my ()	mz ()	B_extx (T)	B_exty (T)	B_extz (T)	mx ()	my ()	mz ()	E_anis (J)	E_demag (J)	E_exch (J)	E_total (J)	m_zrange1_x ()	m_zrange1_y ()	m_zrange1_z ()	m_zrange0_x ()	m_zrange0_y ()	m_zrange0_z ()
0	0	0	1	0	0	1	0	0	1	-1.7814926e-13	2.221299e-15	-0	-1.8300585e-13	0	0	1	0	0	1
0	0.00017255798	-0.00016271634	0.9999713	0	0	0.94999886	0.00017255798	-0.00016271636	0.9999713	-1.7814976e-13	2.2211815e-15	1.168311e-19	-1.8265226e-13	0.000345093	-0.00032541112	0.9999425	2.2933989e-08	-2.1625983e-08	1
0	0.00018155747	-0.00017120663	0.99996907	0	0	0.900001	0.00018155747	-0.00017120663	0.99996907	-1.7814977e-13	2.2211722e-15	1.2257275e-19	-1.8229838e-13	0.00036309077	-0.00034239053	0.99993825	2.4142103e-08	-2.2765732e-08	1
0	0.00019154753	-0.0001806317	0.99996674	0	0	0.849999	0.00019154753	-0.0001806317	0.99996674	-1.7814977e-13	2.2211618e-15	1.2885003e-19	-1.8194449e-13	0.0003830696	-0.00036123936	0.99993324	2.548321e-08	-2.4030989e-08	1
0	0.00020270032	-0.00019115412	0.9999639	0	0	0.8000007	0.0002027003	-0.00019115412	0.9999639	-1.7814981e-13	2.2211504e-15	1.3574115e-19	-1.8159061e-13	0.00040537363	-0.00038228283	0.99992776	2.698042e-08	-2.5443569e-08	1
0	0.00021523108	-0.00020297717	0.99996066	0	0	0.75	0.00021523108	-0.00020297719	0.99996066	-1.7814981e-13	2.2211368e-15	1.4334054e-19	-1.8123674e-13	0.00043043352	-0.0004059273	0.99992144	2.8662633e-08	-2.7030769e-08	1
0	0.00022941192	-0.00021635774	0.9999572	0	0	0.69999945	0.00022941192	-0.00021635777	0.9999572	-1.7814983e-13	2.2211213e-15	1.5176365e-19	-1.8088288e-13	0.0004587933	-0.0004326867	0.99991417	3.0566376e-08	-2.8827074e-08	1
0	0.00024559328	-0.00023162681	0.99995285	0	0	0.6500008	0.00024559328	-0.0002316268	0.99995285	-1.7814987e-13	2.2211031e-15	1.6115275e-19	-1.8052901e-13	0.00049115386	-0.0004632227	0.9999057	3.2738704e-08	-3.0876922e-08	1
0	0.00026422812	-0.00024921217	0.9999479	0	0	0.59999925	0.00026422812	-0.00024921217	0.9999479	-1.7814987e-13	2.2210822e-15	1.716859e-19	-1.8017512e-13	0.000528421	-0.0004983911	0.99989593	3.524043e-08	-3.3237747e-08	1
0	0.00028591862	-0.0002696829	0.99994206	0	0	0.5499998	0.00028591862	-0.0002696829	0.9999421	-1.7814987e-13	2.221057e-15	1.8358917e-19	-1.7982123e-13	0.0005717991	-0.00053932983	0.9998841	3.8152393e-08	-3.598595e-08	1
0	0.00031148756	-0.0002938162	0.99993503	0	0	0.5	0.00031148753	-0.0002938162	0.99993503	-1.7814988e-13	2.2210271e-15	1.9715434e-19	-1.7946736e-13	0.0006229335	-0.0005875931	0.99987006	4.158506e-08	-3.922587e-08	1
0	0.00034207499	-0.00032268962	0.99992645	0	0	0.4500005	0.00034207499	-0.00032268962	0.99992645	-1.7814988e-13	2.22099e-15	2.1276559e-19	-1.7911349e-13	0.0006841043	-0.0006453362	0.9998529	4.5691507e-08	-4.31022e-08	1
0	0.00037931552	-0.00035784877	0.99991584	0	0	0.40000036	0.00037931552	-0.00035784877	0.99991584	-1.7814988e-13	2.2209443e-15	2.309409e-19	-1.7875962e-13	0.00075858034	-0.0007156497	0.99983156	5.0691174e-08	-4.782241e-08	1
0	0.00042564765	-0.00040159977	0.9999023	0	0	0.34999973	0.00042564765	-0.00040159977	0.9999023	-1.7814988e-13	2.2208867e-15	2.523982e-19	-1.7840575e-13	0.00085123844	-0.0008031459	0.9998047	5.6911457e-08	-5.3696162e-08	1
0	0.00048484863	-0.00045751862	0.9998847	0	0	0.29999962	0.00048484863	-0.00045751862	0.99988467	-1.7814988e-13	2.2208107e-15	2.781669e-19	-1.780519e-13	0.0009696325	-0.000914976	0.99976933	6.485948e-08	-6.1203515e-08	1
0	0.0005631475	-0.0005315059	0.99986094	0	0	0.25	0.0005631475	-0.0005315059	0.99986094	-1.7814987e-13	2.2207084e-15	3.0978847e-19	-1.7769807e-13	0.0011262196	-0.0010629406	0.99972194	7.537152e-08	-7.11367e-08	1
0	0.00068472035	-0.0006464573	0.9998233	0	0	0.19499981	0.0006847203	-0.00064645725	0.9998233	-1.7814976e-13	2.2205458e-15	3.5428458e-19	-1.7730881e-13	0.001369349	-0.001292828	0.99964654	9.169342e-08	-8.656958e-08	1
0	0.0006984264	-0.0006594226	0.99981904	0	0	0.19000006	0.00069842645	-0.0006594226	0.99981904	-1.7814976e-13	2.220527e-15	3.5899595e-19	-1.7727342e-13	0.0013967594	-0.0013187568	0.9996381	9.3533544e-08	-8.8310244e-08	1
0	0.00071268925	-0.00067291525	0.9998145	0	0	0.18499996	0.00071268925	-0.0006729152	0.9998145	-1.7814976e-13	2.2205075e-15	3.638404e-19	-1.7723805e-13	0.0014252831	-0.0013457403	0.99962914	9.5448414e-08	-9.012172e-08	1
0	0.00072754535	-0.0006869711	0.9998099	0	0	0.18000017	0.00072754535	-0.0006869711	0.99980986	-1.7814976e-13	2.2204876e-15	3.688243e-19	-1.7720268e-13	0.0014549933	-0.0013738503	0.9996197	9.744294e-08	-9.2008804e-08	1
0	0.0007430327	-0.0007016254	0.999805	0	0	0.17499986	0.00074303267	-0.0007016254	0.99980503	-1.7814974e-13	2.2204664e-15	3.7395352e-19	-1.771673e-13	0.0014859659	-0.0014031569	0.99961007	9.9522225e-08	-9.397624e-08	1
0	0.0007591808	-0.0007169078	0.99979997	0	0	0.17000006	0.0007591808	-0.00071690785	0.9997999	-1.7814974e-13	2.2204446e-15	3.7923538e-19	-1.7713192e-13	0.00151826	-0.0014337196	0.9995998	1.0169022e-07	-9.6028e-08	1
0	0.0007760664	-0.0007328886	0.9997946	0	0	0.1650002	0.0007760664	-0.0007328886	0.9997946	-1.7814973e-13	2.220421e-15	3.8467763e-19	-1.7709652e-13	0.0015520288	-0.001465679	0.99958915	1.0395721e-07	-9.8173516e-08	1
0	0.00079371	-0.0007495892	0.999789	0	0	0.15999989	0.00079371	-0.0007495892	0.999789	-1.7814972e-13	2.2203971e-15	3.9028809e-19	-1.7706115e-13	0.0015873138	-0.001499078	0.99957794	1.06326e-07	-1.0041568e-07	1
0	0.0008121686	-0.00076706393	0.9997832	0	0	0.15500008	0.0008121686	-0.00076706393	0.9997832	-1.7814968e-13	2.2203717e-15	3.9607535e-19	-1.7702574e-13	0.0016242284	-0.0015340253	0.9995663	1.0880419e-07	-1.0276179e-07	1
0	0.0008315073	-0.00078537426	0.999777	0	0	0.14999981	0.00083150726	-0.0007853742	0.999777	-1.7814968e-13	2.220345e-15	4.0204878e-19	-1.7699038e-13	0.0016629033	-0.0015706433	0.99955404	1.1140052e-07	-1.0522006e-07	1
0	0.0008517881	-0.00080457923	0.99977046	0	0	0.14500023	0.0008517881	-0.0008045793	0.99977046	-1.7814965e-13	2.220317e-15	4.0821841e-19	-1.7695498e-13	0.0017034621	-0.0016090504	0.9995411	1.1412337e-07	-1.0779846e-07	1
0	0.00087308	-0.000824745	0.9997637	0	0	0.14000009	0.00087308	-0.000824745	0.9997637	-1.7814965e-13	2.2202874e-15	4.1459502e-19	-1.7691962e-13	0.001746043	-0.0016493795	0.99952745	1.1698195e-07	-1.1050585e-07	1
0	0.00089545996	-0.0008459446	0.9997566	0	0	0.13500017	0.00089545996	-0.0008459446	0.9997566	-1.7814964e-13	2.2202565e-15	4.211899e-19	-1.7688424e-13	0.0017908001	-0.001691776	0.99951315	1.1998662e-07	-1.13352044e-07	1
0	0.0009189788	-0.0008682281	0.999749	0	0	0.13000007	0.0009189788	-0.00086822815	0.999749	-1.7814964e-13	2.2202237e-15	4.2801595e-19	-1.7684888e-13	0.0018378345	-0.00173634	0.9994981	1.2314419e-07	-1.1634375e-07	1
0	0.0009438449	-0.0008917896	0.9997412	0	0	0.125	0.0009438449	-0.0008917896	0.9997412	-1.7814961e-13	2.2201892e-15	4.3508687e-19	-1.7681349e-13	0.0018875634	-0.0017834597	0.9994822	1.2648263e-07	-1.1950704e-07	1
0	0.00097004586	-0.00091662223	0.99973273	0	0	0.11999989	0.00097004586	-0.00091662223	0.99973273	-1.781496e-13	2.2201526e-15	4.4241724e-19	-1.7677812e-13	0.0019399619	-0.0018331215	0.99946535	1.3000032e-07	-1.2284099e-07	1
0	0.0009977426	-0.00094287784	0.99972373	0	0	0.11499984	0.0009977426	-0.00094287784	0.9997238	-1.7814954e-13	2.220114e-15	4.5002327e-19	-1.7674271e-13	0.0019953514	-0.0018856293	0.9994476	1.337188e-07	-1.2636599e-07	1
0	0.0010270575	-0.00097067386	0.9997144	0	0	0.10999988	0.0010270574	-0.0009706738	0.9997143	-1.7814951e-13	2.220073e-15	4.579226e-19	-1.7670734e-13	0.0020539772	-0.0019412177	0.99942863	1.3765452e-07	-1.3009779e-07	1
0	0.0010581573	-0.0010001692	0.99970436	0	0	0.10499983	0.0010581574	-0.0010001692	0.99970436	-1.781495e-13	2.2200297e-15	4.6613447e-19	-1.7667196e-13	0.0021161728	-0.002000204	0.9994086	1.418299e-07	-1.3405771e-07	1
0	0.0010911816	-0.001031498	0.99969363	0	0	0.10000009	0.0010911816	-0.001031498	0.99969363	-1.7814945e-13	2.2199831e-15	4.7467946e-19	-1.7663656e-13	0.0021822168	-0.0020628576	0.9993874	1.4626367e-07	-1.3826384e-07	1
0	0.0011262487	-0.001064773	0.9996823	0	0	0.09500003	0.0011262487	-0.0010647731	0.9996823	-1.7814942e-13	2.2199336e-15	4.835808e-19	-1.7660119e-13	0.0022523468	-0.0021294034	0.9993646	1.5097167e-07	-1.4273125e-07	1
0	0.0011638214	-0.0011004363	0.99967015	0	0	0.090000086	0.0011638214	-0.0011004363	0.99967015	-1.781494e-13	2.2198807e-15	4.9286507e-19	-1.7656583e-13	0.0023274869	-0.0022007253	0.9993403	1.5601609e-07	-1.4751932e-07	1
0	0.0012038772	-0.0011384683	0.99965715	0	0	0.08500003	0.0012038772	-0.0011384683	0.99965715	-1.7814937e-13	2.2198243e-15	5.0255927e-19	-1.7653045e-13	0.002407593	-0.002276784	0.9993143	1.6139387e-07	-1.5262538e-07	1
0	0.0012467778	-0.0011792155	0.99964327	0	0	0.079999946	0.0012467778	-0.0011792155	0.99964327	-1.7814931e-13	2.2197638e-15	5.1269523e-19	-1.7649506e-13	0.0024933885	-0.0023582727	0.99928653	1.6715359e-07	-1.5809596e-07	1
0	0.001292859	-0.0012229988	0.9996282	0	0	0.074999906	0.001292859	-0.0012229988	0.9996283	-1.7814927e-13	2.2196988e-15	5.2330775e-19	-1.7645969e-13	0.0025855447	-0.0024458335	0.99925655	1.7334037e-07	-1.639742e-07	1
0	0.0013424614	-0.0012701463	0.9996122	0	0	0.070000045	0.0013424614	-0.0012701466	0.9996121	-1.7814919e-13	2.2196278e-15	5.344352e-19	-1.7642429e-13	0.0026847434	-0.0025401227	0.99922425	1.7999987e-07	-1.7030412e-07	1
0	0.0013959878	-0.0013210445	0.9995947	0	0	0.065000035	0.0013959876	-0.0013210446	0.9995947	-1.7814916e-13	2.2195522e-15	5.461217e-19	-1.7638895e-13	0.0027917884	-0.0026419119	0.9991894	1.8718617e-07	-1.7713755e-07	1
0	0.0014539602	-0.0013761943	0.9995757	0	0	0.059999947	0.0014539601	-0.0013761943	0.9995757	-1.7814908e-13	2.2194694e-15	5.584167e-19	-1.7635355e-13	0.0029077255	-0.002752204	0.99915147	1.9496943e-07	-1.8454179e-07	1
0	0.001516987	-0.0014361825	0.9995552	0	0	0.05499994	0.001516987	-0.0014361825	0.9995552	-1.7814903e-13	2.21938e-15	5.713762e-19	-1.7631819e-13	0.0030337707	-0.0028721723	0.99911034	2.0343126e-07	-1.9259568e-07	1
0	0.0015856663	-0.0015015856	0.99953276	0	0	0.050000045	0.0015856663	-0.0015015856	0.99953276	-1.7814896e-13	2.219282e-15	5.850623e-19	-1.7628282e-13	0.0031711198	-0.00300297	0.9990655	2.1265198e-07	-2.0137652e-07	1
0	0.001660859	-0.0015732315	0.99950814	0	0	0.045000043	0.001660859	-0.0015732315	0.99950814	-1.7814885e-13	2.2191747e-15	5.9954914e-19	-1.7624743e-13	0.0033214954	-0.0031462524	0.9990163	2.227472e-07	-2.1099552e-07	1
0	0.0017435465	-0.0016520668	0.9994812	0	0	0.039999973	0.0017435465	-0.001652067	0.9994812	-1.7814877e-13	2.2190567e-15	6.1492054e-19	-1.7621206e-13	0.0034868591	-0.0033039122	0.9989622	2.3384864e-07	-2.2157974e-07	1
0	0.0018348561	-0.0017391889	0.9994513	0	0	0.035000023	0.0018348561	-0.0017391889	0.9994512	-1.7814866e-13	2.2189263e-15	6.3127147e-19	-1.7617669e-13	0.0036694661	-0.003478144	0.99890244	2.4610767e-07	-2.3327652e-07	1
0	0.0019360317	-0.0018357851	0.999418	0	0	0.029999973	0.0019360317	-0.0018357853	0.999418	-1.7814854e-13	2.2187814e-15	6.4871557e-19	-1.7614133e-13	0.0038718034	-0.003671324	0.99883604	2.5969132e-07	-2.462453e-07	1
0	0.0020494438	-0.0019441692	0.9993809	0	0	0.025000023	0.0020494438	-0.0019441693	0.9993809	-1.781484e-13	2.2186188e-15	6.6739077e-19	-1.7610596e-13	0.004098613	-0.0038880773	0.99876183	2.7491777e-07	-2.6079667e-07	1
0	0.0021764156	-0.0020656127	0.9993393	0	0	0.019999987	0.0021764154	-0.0020656127	0.9993393	-1.7814827e-13	2.2184367e-15	6.874465e-19	-1.760706e-13	0.004352539	-0.0041309483	0.9986785	2.9196474e-07	-2.7710138e-07	1
0	0.0023203797	-0.0022034538	0.999292	0	0	0.014999987	0.00232038	-0.0022034538	0.999292	-1.7814806e-13	2.2182302e-15	7.090827e-19	-1.7603521e-13	0.0046404484	-0.0044066114	0.9985841	3.1129315e-07	-2.9560755e-07	1
0	0.002484775	-0.0023610443	0.99923825	0	0	0.009999993	0.002484775	-0.0023610443	0.99923813	-1.7814783e-13	2.2179945e-15	7.3252783e-19	-1.7599984e-13	0.0049692164	-0.0047217715	0.99847627	3.3336448e-07	-3.167653e-07	1
0	0.002674298	-0.0025429484	0.999176	0	0	0.0049999966	0.0026742977	-0.0025429484	0.9991761	-1.781476e-13	2.2177226e-15	7.5806947e-19	-1.759645e-13	0.0053482363	-0.005085556	0.99835205	3.5880947e-07	-3.411873e-07	1
0	0.0028956113	-0.0027557812	0.9991037	0	0	-9.887924e-17	0.0028956118	-0.0027557812	0.9991037	-1.7814732e-13	2.2174063e-15	7.8606353e-19	-1.7592914e-13	0.0057908352	-0.0055111926	0.99820733	3.885226e-07	-3.6976178e-07	1
0	0.0031547528	-0.0030052224	0.99901855	0	0	-0.0049999966	0.003154753	-0.0030052227	0.99901855	-1.7814697e-13	2.2170325e-15	8.1696105e-19	-1.7589378e-13	0.0063090827	-0.006010042	0.998037	4.2331445e-07	-4.0325116e-07	1
0	0.0034663724	-0.003305871	0.9989164	0	0	-0.009999993	0.0034663724	-0.003305871	0.99891645	-1.7814656e-13	2.2165855e-15	8.513685e-19	-1.7585842e-13	0.0069322796	-0.006611298	0.9978328	4.6515197e-07	-4.4361553e-07	1
0	0.0038471646	-0.003674	0.9987919	0	0	-0.014999987	0.0038471646	-0.003674	0.9987919	-1.7814605e-13	2.2160396e-15	8.901056e-19	-1.7582306e-13	0.0076938123	-0.007347507	0.9975837	5.162763e-07	-4.930397e-07	1
0	0.00431868	-0.004130875	0.998637	0	0	-0.019999987	0.00431868	-0.0041308748	0.998637	-1.7814538e-13	2.215361e-15	9.342415e-19	-1.7578773e-13	0.00863678	-0.008261195	0.997274	5.7958107e-07	-5.543785e-07	1
0	0.0049283607	-0.0047235964	0.9984379	0	0	-0.025000023	0.00492836	-0.0047235964	0.9984379	-1.7814453e-13	2.2144884e-15	9.854379e-19	-1.7575238e-13	0.009856059	-0.009446559	0.9968759	6.614356e-07	-6.3395595e-07	1
0	0.005735045	-0.0055102715	0.9981737	0	0	-0.029999973	0.0057350453	-0.005510272	0.9981737	-1.7814338e-13	2.2133308e-15	1.0461018e-18	-1.7571705e-13	0.011469321	-0.011019804	0.9963475	7.697395e-07	-7.3957307e-07	1
0	0.006865127	-0.006616735	0.9978042	0	0	-0.035000023	0.006865128	-0.006616735	0.9978042	-1.7814172e-13	2.2117117e-15	1.1202955e-18	-1.7568173e-13	0.013729333	-0.013232581	0.9956084	9.214619e-07	-8.881241e-07	1
0	0.008563031	-0.00828653	0.9972487	0	0	-0.039999973	0.008563031	-0.00828653	0.99724865	-1.7813927e-13	2.2092792e-15	1.2154232e-18	-1.7564644e-13	0.017124914	-0.016571946	0.99449736	1.1494184e-06	-1.1123063e-06	1
0	0.011410088	-0.011100144	0.9963118	0	0	-0.045000043	0.011410088	-0.011100145	0.9963118	-1.7813503e-13	2.2051868e-15	1.3472441e-18	-1.7561115e-13	0.022818644	-0.022198802	0.99262357	1.5316564e-06	-1.4900544e-06	1
0	0.017154127	-0.016802302	0.99435806	0	0	-0.050000045	0.017154127	-0.016802302	0.994358	-1.7812607e-13	2.196691e-15	1.5608995e-18	-1.7557592e-13	0.034305952	-0.033602346	0.9887161	2.3028317e-06	-2.2556071e-06	1
0	0.03172905	-0.031196026	0.9883268	0	0	-0.05499994	0.03172905	-0.031196024	0.98832685	-1.7809854e-13	2.170919e-15	2.0552973e-18	-1.7554083e-13	0.06345384	-0.06238786	0.9766535	4.259582e-06	-4.1880367e-06	1
0	0.033765562	-0.033200014	0.98704517	0	0	-0.059999947	0.033765562	-0.03320001	0.9870452	-1.7809285e-13	2.1655395e-15	2.1972775e-18	-1.7550594e-13	0.06752659	-0.066395566	0.97409046	4.533e-06	-4.4570884e-06	1
0	0.034382116	-0.03380808	0.9866199	0	0	-0.065000035	0.034382116	-0.033808082	0.9866199	-1.7809094e-13	2.163761e-15	2.2478856e-18	-1.7547103e-13	0.06875961	-0.06761162	0.97323984	4.6157875e-06	-4.5387355e-06	1
0	0.035186	-0.034602005	0.9860376	0	0	-0.070000045	0.035186	-0.034602005	0.9860376	-1.7808835e-13	2.1613308e-15	2.3184948e-18	-1.7543618e-13	0.07036728	-0.06919937	0.97207505	4.7237268e-06	-4.6453356e-06	1
0	0.036359176	-0.035761774	0.9851549	0	0	-0.074999906	0.036359176	-0.035761774	0.9851549	-1.7808444e-13	2.1576589e-15	2.4236173e-18	-1.754014e-13	0.07271349	-0.07151875	0.9703098	4.8812467e-06	-4.8010534e-06	1
0	0.03765482	-0.037043717	0.98414254	0	0	-0.079999946	0.03765482	-0.03704372	0.9841425	-1.7807996e-13	2.153465e-15	2.541605e-18	-1.7536672e-13	0.07530459	-0.074082464	0.96828496	5.0552107e-06	-4.973177e-06	1
0	0.039056852	-0.038432114	0.98300403	0	0	-0.08500003	0.039056852	-0.038432114	0.98300403	-1.7807498e-13	2.1487716e-15	2.6720142e-18	-1.7533212e-13	0.07810846	-0.076859064	0.966008	5.2434607e-06	-5.1595944e-06	1
0	0.04066597	-0.04002702	0.9816432	0	0	-0.090000086	0.04066596	-0.04002702	0.9816432	-1.78069e-13	2.1431933e-15	2.8251899e-18	-1.7529767e-13	0.08132648	-0.080048665	0.9632863	5.4595184e-06	-5.3737426e-06	1
0	0.04288664	-0.04223051	0.9796727	0	0	-0.09500003	0.04288664	-0.04223051	0.9796728	-1.780604e-13	2.1351765e-15	3.0414984e-18	-1.7526349e-13	0.08576754	-0.08445534	0.95934546	5.7576895e-06	-5.669602e-06	1
0	0.045988	-0.04531249	0.9767432	0	0	-0.10000009	0.045987997	-0.045312494	0.9767432	-1.7804779e-13	2.1233926e-15	3.3523298e-18	-1.7522973e-13	0.09196982	-0.0906189	0.95348644	6.1741102e-06	-6.083418e-06	1
0	-0.001147384	0.0010846911	0.00032452395	0	0	-0.10499983	-0.001147384	0.0010846911	0.00032452395	-1.781494e-13	2.218181e-15	4.764411e-17	-1.7588334e-13	-0.002294614	0.0021692365	-0.99935085	-1.5413431e-07	1.4571222e-07	1
0	-0.0011110689	0.0010503723	0.00031273684	0	0	-0.10999988	-0.001111069	0.0010503721	0.00031273684	-1.7814943e-13	2.2182321e-15	4.7636114e-17	-1.7588333e-13	-0.0022219885	0.0021006034	-0.99937457	-1.492634e-07	1.4110908e-07	1
0	-0.0010768718	0.0010179272	0.00030168123	0	0	-0.11499984	-0.0010768716	0.0010179272	0.00030168126	-1.7814946e-13	2.2182804e-15	4.7628414e-17	-1.7588333e-13	-0.0021535987	0.0020357175	-0.9993966	-1.4467656e-07	1.3675722e-07	1
0	-0.0010446642	0.0009873786	0.00029129573	0	0	-0.11999989	-0.0010446642	0.0009873788	0.00029129576	-1.7814951e-13	2.2183255e-15	4.762099e-17	-1.7588333e-13	-0.002089188	0.0019746248	-0.9994174	-1.4035658e-07	1.3265976e-07	1
0	-0.0010143442	0.0009586268	0.00028152872	0	0	-0.125	-0.0010143442	0.0009586268	0.00028152872	-1.7814954e-13	2.218368e-15	4.761384e-17	-1.758833e-13	-0.002028552	0.0019171247	-0.999437	-1.3628978e-07	1.2880328e-07	1
0	-0.0009857346	0.0009315027	0.00027232472	0	0	-0.13000007	-0.0009857346	0.0009315027	0.00027232472	-1.7814956e-13	2.2184079e-15	4.7606938e-17	-1.7588329e-13	-0.0019713365	0.0018628804	-0.9994552	-1.3245239e-07	1.2516514e-07	1
0	-0.00095868745	0.0009058655	0.00026363874	0	0	-0.13500017	-0.0009586874	0.0009058655	0.00026363874	-1.781496e-13	2.2184458e-15	4.760027e-17	-1.7588326e-13	-0.0019172461	0.0018116093	-0.9994727	-1.288246e-07	1.2172644e-07	1
0	-0.0009330853	0.0008816026	0.00025542945	0	0	-0.14000009	-0.0009330852	0.0008816025	0.00025542942	-1.7814962e-13	2.2184811e-15	4.7593832e-17	-1.7588329e-13	-0.0018660452	0.0017630866	-0.9994892	-1.2539059e-07	1.18472045e-07	1
0	-0.00090881344	0.0008586049	0.0002476599	0	0	-0.14500023	-0.00090881344	0.00085860485	0.0002476599	-1.7814964e-13	2.2185148e-15	4.7587605e-17	-1.7588327e-13	-0.0018175046	0.0017170944	-0.9995047	-1.2213502e-07	1.15387365e-07	1
0	-0.0008857683	0.0008367729	0.00024029253	0	0	-0.14999981	-0.0008857683	0.0008367729	0.00024029253	-1.7814965e-13	2.2185468e-15	4.758157e-17	-1.7588326e-13	-0.0017714177	0.0016734335	-0.99951935	-1.19044e-07	1.1245907e-07	1
0	-0.00086385914	0.0008160215	0.00023330293	0	0	-0.15500008	-0.00086385926	0.0008160215	0.00023330293	-1.7814965e-13	2.218577e-15	4.7575726e-17	-1.7588323e-13	-0.0017276022	0.0016319336	-0.9995333	-1.1610534e-07	1.0967569e-07	1
0	-0.0008430117	0.0007962776	0.00022666143	0	0	-0.15999989	-0.0008430117	0.0007962776	0.00022666143	-1.7814968e-13	2.2186057e-15	4.7570072e-17	-1.7588325e-13	-0.0016859102	0.0015924482	-0.99954665	-1.1330908e-07	1.0702745e-07	1
0	-0.0008231423	0.00077746325	0.00022034296	0	0	-0.1650002	-0.0008231423	0.0007774633	0.00022034299	-1.7814968e-13	2.2186334e-15	4.7564583e-17	-1.7588322e-13	-0.001646174	0.0015548221	-0.99955934	-1.10644024e-07	1.0450388e-07	1
0	-0.0008041915	0.000759521	0.00021432764	0	0	-0.17000006	-0.00080419146	0.000759521	0.00021432762	-1.7814972e-13	2.2186592e-15	4.7559252e-17	-1.7588323e-13	-0.0016082749	0.0015189399	-0.9995713	-1.0810216e-07	1.0209729e-07	1
0	-0.0007860806	0.0007423767	0.00020858992	0	0	-0.17499986	-0.0007860807	0.0007423767	0.00020858995	-1.7814972e-13	2.2186846e-15	4.7554087e-17	-1.7588323e-13	-0.0015720555	0.0014846537	-0.99958277	-1.0567297e-07	9.979774e-08	1
0	-0.0007687708	0.0007259926	0.00020311489	0	0	-0.18000017	-0.0007687708	0.0007259926	0.00020311489	-1.7814974e-13	2.218708e-15	4.7549068e-17	-1.7588323e-13	-0.0015374381	0.0014518874	-0.9995938	-1.03351205e-07	9.760013e-08	1
0	-0.0007522089	0.000710318	0.00019788729	0	0	-0.18499996	-0.0007522089	0.000710318	0.00019788729	-1.7814974e-13	2.2187304e-15	4.7544188e-17	-1.7588322e-13	-0.0015043167	0.0014205404	-0.9996042	-1.01129785e-07	9.54977e-08	1
0	-0.00073638535	0.00069534197	0.00019288932	0	0	-0.19000006	-0.00073638535	0.0006953419	0.00019288933	-1.7814974e-13	2.2187522e-15	4.7539443e-17	-1.758832e-13	-0.0014726716	0.0013905904	-0.99961424	-9.900741e-08	9.3489014e-08	1
0	-0.00072113186	0.00068091095	0.00018810201	0	0	-0.19499981	-0.00072113186	0.00068091095	0.00018810201	-1.7814976e-13	2.218773e-15	4.7534834e-17	-1.7588319e-13	-0.0014421669	0.0013617303	-0.9996238	-9.6961436e-08	9.155336e-08	1
0	-0.0006925143	0.0006538377	0.00017912533	0	0	-0.20499994	-0.0006925143	0.0006538377	0.00017912533	-1.7814976e-13	2.218812e-15	4.7525973e-17	-1.7588317e-13	-0.0013849355	0.0013075874	-0.9996418	-9.312299e-08	8.7922025e-08	1
0	-0.0005778299	0.000545391	0.00014354131	0	0	-0.25499967	-0.00057783	0.00054539094	0.00014354131	-1.7814984e-13	2.2189654e-15	4.7487797e-17	-1.7588314e-13	-0.0011555821	0.0010907085	-0.99971294	-7.774048e-08	7.3376135e-08	1
0	-0.000495694	0.0004677706	0.00011855697	0	0	-0.30500022	-0.000495694	0.0004677706	0.00011855697	-1.7814988e-13	2.2190734e-15	4.7457426e-17	-1.7588307e-13	-0.0009913214	0.00093547825	-0.9997629	-6.6723686e-08	6.296498e-08	1
0	-0.0004339836	0.0004094768	0.000100153586	0	0	-0.3549996	-0.0004339836	0.0004094768	0.000100153586	-1.7814988e-13	2.2191522e-15	4.7432594e-17	-1.7588304e-13	-0.0008679088	0.00081889844	-0.9997997	-5.844655e-08	5.5146092e-08	1
0	-0.00038593085	0.00036409718	8.610302e-05	0	0	-0.40499973	-0.00038593085	0.0003640972	8.610302e-05	-1.7814988e-13	2.2192126e-15	4.7411862e-17	-1.75883e-13	-0.0007718098	0.00072814536	-0.99982774	-5.2001333e-08	4.90594e-08	1
0	-0.00034744688	0.00032776242	7.506761e-05	0	0	-0.45500082	-0.00034744688	0.00032776242	7.506761e-05	-1.7814988e-13	2.2192596e-15	4.739427e-17	-1.7588298e-13	-0.00069484697	0.00065548066	-0.9998499	-4.6839567e-08	4.418588e-08	1
0	-0.0003159402	0.00029802	6.620565e-05	0	0	-0.5050003	-0.0003159402	0.00029801996	6.6205655e-05	-1.7814988e-13	2.2192981e-15	4.7379125e-17	-1.7588296e-13	-0.0006318378	0.0005959997	-0.99986756	-4.261367e-08	4.0196618e-08	1
0	-0.00028966318	0.000273218	5.8953847e-05	0	0	-0.55500025	-0.00028966318	0.000273218	5.8953847e-05	-1.7814987e-13	2.2193288e-15	4.7365957e-17	-1.7588294e-13	-0.00057928724	0.00054639904	-0.99988204	-3.9089215e-08	3.686999e-08	1
0	-0.0002674257	0.00025223053	5.2925756e-05	0	0	-0.60500026	-0.0002674257	0.00025223053	5.2925756e-05	-1.7814987e-13	2.2193546e-15	4.7354383e-17	-1.7588292e-13	-0.0005348153	0.000504427	-0.99989414	-3.6106613e-08	3.4055034e-08	1
0	-0.00024835303	0.0002342317	4.784964e-05	0	0	-0.6549993	-0.00024835303	0.0002342317	4.784964e-05	-1.7814987e-13	2.2193765e-15	4.7344132e-17	-1.7588292e-13	-0.00049667247	0.00046843177	-0.9999043	-3.354848e-08	3.1640926e-08	1
0	-0.00023181921	0.00021862985	4.352685e-05	0	0	-0.70500124	-0.00023181921	0.00021862985	4.352685e-05	-1.7814983e-13	2.2193947e-15	4.733498e-17	-1.758829e-13	-0.00046360708	0.00043723016	-0.99991286	-3.1330906e-08	2.9548337e-08	1
0	-0.0002173461	0.00020497342	3.9807353e-05	0	0	-0.7549992	-0.0002173461	0.0002049734	3.9807357e-05	-1.7814981e-13	2.2194108e-15	4.7326768e-17	-1.7588287e-13	-0.0004346628	0.00040991913	-0.99992037	-2.938972e-08	2.7716684e-08	1
0	-0.00020457471	0.00019292321	3.657827e-05	0	0	-0.80500025	-0.0002045747	0.00019292321	3.6578265e-05	-1.7814981e-13	2.219424e-15	4.731935e-17	-1.7588285e-13	-0.00040912174	0.00038582028	-0.9999269	-2.7676796e-08	2.6100473e-08	1
0	-0.00019322085	0.00018221093	3.3755707e-05	0	0	-0.85500133	-0.00019322085	0.00018221093	3.3755707e-05	-1.7814977e-13	2.2194364e-15	4.7312623e-17	-1.7588283e-13	-0.00038641557	0.0003643972	-0.9999325	-2.6154009e-08	2.466373e-08	1
0	-0.00018306065	0.00017262515	3.127008e-05	0	0	-0.9049992	-0.00018306063	0.00017262515	3.127008e-05	-1.7814977e-13	2.219447e-15	4.730649e-17	-1.7588283e-13	-0.0003660965	0.000345227	-0.9999375	-2.479132e-08	2.3378085e-08	1
0	-0.00017391414	0.00016399623	2.9067385e-05	0	0	-0.95500135	-0.00017391414	0.00016399623	2.9067389e-05	-1.7814976e-13	2.219456e-15	4.7300877e-17	-1.7588281e-13	-0.0003478047	0.00032797022	-0.9999418	-2.3564604e-08	2.222078e-08	1
0	-0.00016643104	0.00015693669	2.7291302e-05	0	0	-1	-0.00016643107	0.00015693669	2.7291302e-05	-1.7814976e-13	2.219464e-15	4.7296212e-17	-1.7588281e-13	-0.00033283953	0.0003138521	-0.9999454	-2.2560998e-08	2.1273975e-08	1
0	-0.00017477966	0.00016481253	2.9275554e-05	0	0	-0.94999886	-0.00017477966	0.00016481252	2.9275554e-05	-1.7814976e-13	2.2194557e-15	4.7301413e-17	-1.7588281e-13	-0.00034953564	0.0003296027	-0.99994135	-2.3680666e-08	2.2330239e-08	1
0	-0.00018402027	0.0001735303	3.1503096e-05	0	0	-0.900001	-0.00018402027	0.00017353028	3.1503096e-05	-1.7814977e-13	2.219446e-15	4.7307078e-17	-1.7588283e-13	-0.00036801564	0.0003470371	-0.999937	-2.4920011e-08	2.3499469e-08	1
0	-0.00019429403	0.00018322296	3.4021905e-05	0	0	-0.849999	-0.00019429403	0.00018322296	3.4021905e-05	-1.7814979e-13	2.2194353e-15	4.731327e-17	-1.7588284e-13	-0.0003885618	0.00036642115	-0.99993193	-2.6297934e-08	2.4799457e-08	1
0	-0.00020577874	0.00019405865	3.6881665e-05	0	0	-0.8000007	-0.00020577874	0.00019405865	3.6881665e-05	-1.7814979e-13	2.219423e-15	4.732006e-17	-1.7588284e-13	-0.00041152962	0.00038809102	-0.9999262	-2.7838276e-08	2.6252756e-08	1
0	-0.00021870289	0.00020625313	4.0155053e-05	0	0	-0.75	-0.0002187029	0.00020625313	4.015505e-05	-1.7814981e-13	2.219409e-15	4.732755e-17	-1.7588287e-13	-0.00043737626	0.00041247834	-0.9999197	-2.9571684e-08	2.7888305e-08	1
0	-0.00023336052	0.00022008379	4.392818e-05	0	0	-0.69999945	-0.00023336054	0.00022008379	4.392818e-05	-1.7814983e-13	2.219393e-15	4.7335854e-17	-1.758829e-13	-0.00046668958	0.00044013784	-0.9999122	-3.153761e-08	2.9743322e-08	1
0	-0.000250126	0.00023590412	4.8321224e-05	0	0	-0.6500008	-0.000250126	0.00023590412	4.8321224e-05	-1.7814987e-13	2.219374e-15	4.7345095e-17	-1.7588292e-13	-0.0005002182	0.00047177644	-0.9999033	-3.378627e-08	3.186523e-08	1
0	-0.0002694795	0.00025416818	5.348154e-05	0	0	-0.59999925	-0.00026947953	0.00025416818	5.348154e-05	-1.7814987e-13	2.2193525e-15	4.7355478e-17	-1.7588292e-13	-0.0005389226	0.000508302	-0.999893	-3.638205e-08	3.4314894e-08	1
0	-0.0002920793	0.00027549747	5.961868e-05	0	0	-0.5499998	-0.0002920793	0.00027549747	5.961868e-05	-1.7814987e-13	2.2193263e-15	4.736719e-17	-1.7588294e-13	-0.0005841192	0.0005509577	-0.99988073	-3.9413266e-08	3.7175713e-08	1
0	-0.00031881218	0.00030073005	6.701035e-05	0	0	-0.5	-0.00031881215	0.00030073005	6.701035e-05	-1.7814988e-13	2.2192945e-15	4.7380545e-17	-1.7588296e-13	-0.00063758134	0.0006014196	-0.999866	-4.299885e-08	4.0560078e-08	1
0	-0.00035092764	0.00033104693	7.605964e-05	0	0	-0.4500005	-0.00035092764	0.00033104693	7.605964e-05	-1.7814988e-13	2.2192555e-15	4.7395907e-17	-1.7588298e-13	-0.00070180796	0.0006620493	-0.9998479	-4.7306404e-08	4.462641e-08	1
0	-0.00039023027	0.0003681546	8.7350956e-05	0	0	-0.40000036	-0.00039023027	0.0003681546	8.735095e-05	-1.7814988e-13	2.219207e-15	4.7413778e-17	-1.75883e-13	-0.000780408	0.00073625956	-0.9998253	-5.2577978e-08	4.9603596e-08	1
0	-0.00043943504	0.00041462114	0.00010176644	0	0	-0.34999973	-0.00043943504	0.00041462114	0.00010176644	-1.7814988e-13	2.2191452e-15	4.743487e-17	-1.7588304e-13	-0.00087881094	0.00082918647	-0.9997965	-5.9177736e-08	5.583609e-08	1
0	-0.0005028138	0.00047449136	0.00012070635	0	0	-0.29999962	-0.0005028138	0.00047449136	0.00012070636	-1.7814987e-13	2.219064e-15	4.7460182e-17	-1.7588308e-13	-0.0010055599	0.0009489188	-0.9997586	-6.7678634e-08	6.3866416e-08	1
0	-0.00058751414	0.00055453886	0.00014652988	0	0	-0.25	-0.00058751414	0.00055453886	0.00014652988	-1.7814984e-13	2.2189527e-15	4.7491215e-17	-1.7588314e-13	-0.0011749492	0.001109003	-0.9997069	-7.903939e-08	7.460312e-08	1
0	-0.0007210662	0.00068084145	0.00018809458	0	0	-0.19499981	-0.0007210662	0.00068084145	0.0001880946	-1.7814976e-13	2.218773e-15	4.7534827e-17	-1.7588319e-13	-0.0014420354	0.0013615913	-0.9996238	-9.6952625e-08	9.154403e-08	1
0	-0.00073628133	0.0006952373	0.0001928789	0	0	-0.19000006	-0.00073628133	0.0006952372	0.0001928789	-1.7814974e-13	2.2187522e-15	4.753944e-17	-1.758832e-13	-0.0014724638	0.001390381	-0.99961424	-9.899341e-08	9.347494e-08	1
0	-0.0007521442	0.0007102481	0.00019787902	0	0	-0.18499996	-0.0007521442	0.0007102481	0.00019787902	-1.7814974e-13	2.2187308e-15	4.7544184e-17	-1.758832e-13	-0.0015041872	0.0014204008	-0.9996042	-1.0112108e-07	9.5488325e-08	1
0	-0.00076870574	0.0007259219	0.00020310625	0	0	-0.18000017	-0.00076870574	0.0007259218	0.00020310625	-1.7814974e-13	2.2187077e-15	4.7549065e-17	-1.7588323e-13	-0.001537308	0.0014517461	-0.99959373	-1.0334248e-07	9.759064e-08	1
0	-0.0007860123	0.0007423024	0.00020858145	0	0	-0.17499986	-0.0007860123	0.0007423024	0.00020858146	-1.7814973e-13	2.2186842e-15	4.7554084e-17	-1.7588322e-13	-0.001571919	0.0014845049	-0.99958277	-1.0566379e-07	9.978776e-08	1
0	-0.0008041146	0.00075943855	0.00021431797	0	0	-0.17000006	-0.00080411456	0.00075943855	0.00021431796	-1.7814972e-13	2.2186592e-15	4.7559252e-17	-1.7588325e-13	-0.0016081209	0.001518775	-0.9995713	-1.08091825e-07	1.0208622e-07	1
0	-0.0008230662	0.0007773817	0.00022033355	0	0	-0.1650002	-0.00082306634	0.0007773817	0.00022033355	-1.7814968e-13	2.2186334e-15	4.756458e-17	-1.7588322e-13	-0.001646022	0.0015546589	-0.99955934	-1.10633806e-07	1.0449294e-07	1
0	-0.0008429316	0.00079619215	0.00022665167	0	0	-0.15999989	-0.0008429316	0.0007961922	0.00022665167	-1.7814968e-13	2.2186059e-15	4.7570072e-17	-1.7588325e-13	-0.00168575	0.0015922773	-0.99954665	-1.1329834e-07	1.0701597e-07	1
0	-0.0008637714	0.00081592856	0.00023329146	0	0	-0.15500008	-0.0008637714	0.00081592856	0.00023329146	-1.7814965e-13	2.2185773e-15	4.7575723e-17	-1.7588323e-13	-0.0017274267	0.0016317476	-0.9995334	-1.1609356e-07	1.09663205e-07	1
0	-0.0008856804	0.0008366804	0.00024028106	0	0	-0.14999981	-0.0008856804	0.0008366804	0.00024028106	-1.7814965e-13	2.2185468e-15	4.7581563e-17	-1.7588326e-13	-0.0017712419	0.0016732485	-0.9995194	-1.19032215e-07	1.1244665e-07	1
0	-0.00090870314	0.0008584915	0.00024764694	0	0	-0.14500023	-0.0009087032	0.0008584916	0.00024764694	-1.7814964e-13	2.2185148e-15	4.7587595e-17	-1.7588327e-13	-0.0018172842	0.0017168677	-0.9995047	-1.221202e-07	1.1537215e-07	1
0	-0.0009329869	0.00088150013	0.00025541623	0	0	-0.14000009	-0.0009329869	0.00088150013	0.00025541623	-1.7814962e-13	2.2184811e-15	4.7593825e-17	-1.7588329e-13	-0.0018658483	0.0017628819	-0.9994892	-1.2537738e-07	1.1845832e-07	1
0	-0.00095858553	0.0009057597	0.0002636252	0	0	-0.13500017	-0.0009585854	0.00090575975	0.0002636252	-1.781496e-13	2.2184454e-15	4.760027e-17	-1.7588327e-13	-0.0019170421	0.0018113976	-0.99947274	-1.2881091e-07	1.2171223e-07	1
0	-0.0009856126	0.00093137834	0.00027230952	0	0	-0.13000007	-0.0009856125	0.00093137834	0.0002723095	-1.7814956e-13	2.218408e-15	4.7606934e-17	-1.7588329e-13	-0.0019710928	0.0018626316	-0.9994554	-1.3243601e-07	1.2514846e-07	1
0	-0.0010141807	0.0009584647	0.00028151076	0	0	-0.125	-0.0010141807	0.0009584647	0.0002815107	-1.7814954e-13	2.2183683e-15	4.7613833e-17	-1.758833e-13	-0.0020282252	0.0019168006	-0.999437	-1.3626786e-07	1.287815e-07	1
0	-0.0010445334	0.0009872472	0.00029127946	0	0	-0.11999989	-0.0010445336	0.0009872472	0.00029127943	-1.7814951e-13	2.2183255e-15	4.7620983e-17	-1.7588333e-13	-0.0020889267	0.001974362	-0.9994174	-1.4033905e-07	1.3264213e-07	1
0	-0.0010767024	0.0010177613	0.00030166225	0	0	-0.11499984	-0.0010767024	0.0010177612	0.00030166222	-1.7814947e-13	2.2182804e-15	4.7628408e-17	-1.7588334e-13	-0.00215326	0.002035386	-0.9993966	-1.4465384e-07	1.3673497e-07	1
0	-0.0011109179	0.0010502244	0.000312718	0	0	-0.10999988	-0.0011109179	0.0010502244	0.00031271798	-1.7814943e-13	2.2182321e-15	4.7636107e-17	-1.7588333e-13	-0.0022216863	0.0021003075	-0.9993746	-1.4924314e-07	1.4108923e-07	1
0	-0.0011473693	0.001084819	0.00032451755	0	0	-0.10499983	-0.0011473693	0.0010848191	0.00032451758	-1.781494e-13	2.2181813e-15	4.7644108e-17	-1.7588334e-13	-0.0022945842	0.0021694924	-0.9993509	-1.5413235e-07	1.457294e-07	1
0	-0.0011862867	0.0011217655	0.00033712998	0	0	-0.10000009	-0.0011862867	0.0011217652	0.00033712992	-1.7814938e-13	2.2181262e-15	4.7652432e-17	-1.7588337e-13	-0.0023724143	0.00224338	-0.99932575	-1.5935231e-07	1.50685e-07	1
0	-0.0012278737	0.001161258	0.00035063952	0	0	-0.09500003	-0.0012278737	0.001161258	0.00035063952	-1.7814931e-13	2.2180674e-15	4.76611e-17	-1.7588334e-13	-0.0024555826	0.0023223602	-0.9992988	-1.6493033e-07	1.559821e-07	1
0	-0.0012725923	0.001203741	0.0003651568	0	0	-0.090000086	-0.0012725925	0.001203741	0.0003651568	-1.781493e-13	2.2180045e-15	4.7670128e-17	-1.7588338e-13	-0.0025450138	0.0024073203	-0.9992697	-1.709284e-07	1.6168033e-07	1
0	-0.0013205725	0.0012493377	0.00038077534	0	0	-0.08500003	-0.0013205726	0.0012493376	0.00038077534	-1.7814923e-13	2.2179363e-15	4.7679557e-17	-1.7588338e-13	-0.0026409675	0.0024985075	-0.9992385	-1.7736392e-07	1.6779619e-07	1
0	-0.0013724155	0.001298627	0.00039764744	0	0	-0.079999946	-0.0013724155	0.001298627	0.00039764744	-1.7814918e-13	2.2178628e-15	4.7689407e-17	-1.7588341e-13	-0.0027446467	0.0025970796	-0.9992047	-1.8431763e-07	1.7440738e-07	1
0	-0.0014284162	0.0013518914	0.0004159049	0	0	-0.074999906	-0.0014284162	0.0013518916	0.0004159049	-1.7814913e-13	2.2177832e-15	4.7699708e-17	-1.7588344e-13	-0.0028566406	0.0027036013	-0.9991683	-1.9182895e-07	1.815517e-07	1
0	-0.0014891941	0.0014097267	0.00043573332	0	0	-0.070000045	-0.0014891943	0.0014097267	0.00043573332	-1.7814905e-13	2.217697e-15	4.7710507e-17	-1.7588344e-13	-0.0029781885	0.002819264	-0.99912846	-1.9998105e-07	1.8930916e-07	1
0	-0.001555332	0.0014726939	0.00045733823	0	0	-0.065000035	-0.0015553319	0.0014726938	0.00045733823	-1.7814897e-13	2.2176032e-15	4.772183e-17	-1.7588344e-13	-0.0031104549	0.0029451896	-0.9990854	-2.0885203e-07	1.977549e-07	1
0	-0.001627591	0.0015415233	0.00048096536	0	0	-0.059999947	-0.001627591	0.0015415231	0.00048096536	-1.7814892e-13	2.2175e-15	4.7733738e-17	-1.7588348e-13	-0.0032549636	0.0030828395	-0.99903804	-2.1854407e-07	2.0698695e-07	1
0	-0.0017069334	0.0016171555	0.0005069098	0	0	-0.05499994	-0.0017069334	0.0016171556	0.00050690986	-1.7814882e-13	2.2173866e-15	4.7746265e-17	-1.7588349e-13	-0.0034136376	0.003234094	-0.9989861	-2.2918618e-07	2.171315e-07	1
0	-0.0017943402	0.0017005256	0.0005355235	0	0	-0.050000045	-0.0017943402	0.0017005256	0.0005355235	-1.7814871e-13	2.217262e-15	4.775948e-17	-1.758835e-13	-0.0035884397	0.0034008229	-0.9989289	-2.4091e-07	2.2831387e-07	1
0	-0.0018909273	0.001792694	0.0005672157	0	0	-0.045000043	-0.0018909273	0.0017926941	0.0005672157	-1.781486e-13	2.2171236e-15	4.7773446e-17	-1.7588352e-13	-0.0037816006	0.0035851472	-0.9988656	-2.5386507e-07	2.406763e-07	1
0	-0.0019990827	0.0018960288	0.0006025785	0	0	-0.039999973	-0.001999083	0.0018960286	0.0006025785	-1.7814846e-13	2.2169692e-15	4.7788242e-17	-1.7588356e-13	-0.0039978973	0.003791803	-0.9987949	-2.6837193e-07	2.5453662e-07	1
0	-0.0021200243	0.0020116693	0.0006421986	0	0	-0.035000023	-0.0021200243	0.0020116696	0.0006421986	-1.781483e-13	2.2167964e-15	4.780394e-17	-1.7588353e-13	-0.0042397645	0.0040230686	-0.9987156	-2.8459374e-07	2.7004748e-07	1
0	-0.0022564963	0.0021422901	0.00068691385	0	0	-0.029999973	-0.002256496	0.0021422901	0.0006869139	-1.7814815e-13	2.2166007e-15	4.7820658e-17	-1.7588359e-13	-0.0045126895	0.0042842925	-0.9986262	-3.0289857e-07	2.8756762e-07	1
0	-0.002411588	0.002290891	0.00073776365	0	0	-0.025000023	-0.002411588	0.002290891	0.00073776365	-1.7814796e-13	2.2163782e-15	4.7838492e-17	-1.758836e-13	-0.004822852	0.0045814747	-0.9985244	-3.237009e-07	3.0749936e-07	1
0	-0.0025896195	0.0024617012	0.0007961133	0	0	-0.019999987	-0.0025896195	0.0024617012	0.0007961133	-1.7814773e-13	2.216123e-15	4.7857577e-17	-1.7588363e-13	-0.0051788916	0.0049230717	-0.9984078	-3.4758008e-07	3.3041002e-07	1
0	-0.0027956758	0.0026596575	0.0008637143	0	0	-0.014999987	-0.0027956758	0.0026596573	0.0008637143	-1.7814747e-13	2.2158278e-15	4.7878084e-17	-1.7588365e-13	-0.005590976	0.0053189583	-0.99827254	-3.752182e-07	3.5696178e-07	1
0	-0.0030375402	0.0028923345	0.00094300945	0	0	-0.009999993	-0.0030375402	0.0028923345	0.00094300945	-1.7814713e-13	2.2154807e-15	4.7900186e-17	-1.7588368e-13	-0.006074673	0.0057842806	-0.998114	-4.0765917e-07	3.8817058e-07	1
0	-0.0033244055	0.0031687743	0.0010372152	0	0	-0.0049999966	-0.0033244058	0.0031687743	0.0010372152	-1.7814676e-13	2.2150682e-15	4.7924102e-17	-1.7588374e-13	-0.0066483654	0.0063371235	-0.9979256	-4.4613597e-07	4.252491e-07	1
0	-0.0036731078	0.0035055755	0.0011512835	0	0	9.887924e-17	-0.0036731083	0.003505575	0.0011512836	-1.7814625e-13	2.2145687e-15	4.7950105e-17	-1.7588376e-13	-0.0073457225	0.0070106797	-0.9976975	-4.9290713e-07	4.7042417e-07	1
0	-0.0041031046	0.003921983	0.001291957	0	0	0.0049999966	-0.0041031046	0.0039219833	0.001291957	-1.7814568e-13	2.213953e-15	4.7978474e-17	-1.758838e-13	-0.008205659	0.00784344	-0.99741614	-5.5058223e-07	5.262768e-07	1
0	-0.0046463823	0.004449227	0.0014698833	0	0	0.009999993	-0.0046463823	0.004449227	0.0014698833	-1.7814492e-13	2.2131736e-15	4.8009602e-17	-1.7588384e-13	-0.009292142	0.008897857	-0.9970602	-6.2345134e-07	5.9699556e-07	1
0	-0.005357147	0.0051414105	0.0017024655	0	0	0.014999987	-0.005357147	0.0051414105	0.0017024653	-1.7814393e-13	2.2121549e-15	4.8043854e-17	-1.7588391e-13	-0.010713575	0.010282132	-0.996595	-7.187855e-07	6.898378e-07	1
0	-0.0063279597	0.0060902326	0.002019999	0	0	0.019999987	-0.0063279592	0.0060902326	0.002019999	-1.7814255e-13	2.2107649e-15	4.80816e-17	-1.7588398e-13	-0.01265507	0.0121796485	-0.99596006	-8.4899966e-07	8.171029e-07	1
0	-0.007735391	0.00747155	0.0024807437	0	0	0.025000023	-0.007735391	0.00747155	0.002480744	-1.7814046e-13	2.2087485e-15	4.8122963e-17	-1.7588405e-13	-0.015469745	0.0149420975	-0.9950385	-1.0377772e-06	1.0023782e-06	1
0	-0.009960092	0.009665148	0.0032130938	0	0	0.029999973	-0.009960093	0.009665148	0.003213094	-1.7813717e-13	2.2055484e-15	4.8166813e-17	-1.7588413e-13	-0.01991885	0.019328998	-0.9935738	-1.3361743e-06	1.2966041e-06	1
0	-0.0141282175	0.013796383	0.004592459	0	0	0.035000023	-0.014128218	0.013796383	0.004592459	-1.7813091e-13	2.1995392e-15	4.8205704e-17	-1.758843e-13	-0.028254542	0.027590914	-0.99081516	-1.8952435e-06	1.8507251e-06	1
0	-0.024828807	0.024416117	0.008386313	0	0	0.039999973	-0.024828807	0.024416117	0.008386313	-1.7811348e-13	2.1831745e-15	4.8187612e-17	-1.7588451e-13	-0.049654283	0.04882896	-0.9832274	-3.3305007e-06	3.2751361e-06	1
0	-0.031740457	0.031242756	0.012194064	0	0	0.045000043	-0.03174046	0.031242756	0.012194065	-1.7809625e-13	2.1670338e-15	4.8188432e-17	-1.7588491e-13	-0.06347667	0.062481314	-0.97561187	-4.2572296e-06	4.1904636e-06	1
0	-0.032412782	0.031906907	0.0126346005	0	0	0.050000045	-0.032412782	0.031906907	0.0126346005	-1.7809427e-13	2.1651856e-15	4.819948e-17	-1.7588536e-13	-0.06482121	0.06380953	-0.97473073	-4.3469818e-06	4.279125e-06	1
0	-0.033061583	0.03254861	0.013091061	0	0	0.05499994	-0.033061583	0.03254861	0.013091059	-1.7809223e-13	2.1632737e-15	4.8213307e-17	-1.7588588e-13	-0.06611873	0.065092854	-0.9738179	-4.433562e-06	4.364759e-06	1
0	-0.033916082	0.03339445	0.013718838	0	0	0.059999947	-0.033916082	0.03339445	0.013718838	-1.7808946e-13	2.16065e-15	4.8232303e-17	-1.758864e-13	-0.06782761	0.06678442	-0.9725624	-4.547709e-06	4.4777485e-06	1
0	-0.035164174	0.034630775	0.014671328	0	0	0.065000035	-0.035164174	0.034630775	0.014671328	-1.7808523e-13	2.1566835e-15	4.82583e-17	-1.7588704e-13	-0.07032363	0.06925691	-0.97065735	-4.7146054e-06	4.6430714e-06	1
0	-0.03655883	0.036013313	0.015778895	0	0	0.070000045	-0.03655882	0.036013313	0.015778897	-1.7808032e-13	2.1520915e-15	4.8285123e-17	-1.7588777e-13	-0.07311275	0.0720218	-0.96844226	-4.901119e-06	4.827965e-06	1
0	-0.038431056	0.037870858	0.017333595	0	0	0.074999906	-0.038431056	0.03787086	0.017333593	-1.7807348e-13	2.145683e-15	4.8317575e-17	-1.758887e-13	-0.07685697	0.07573665	-0.96533287	-5.151618e-06	5.0764984e-06	1
0	-0.04066138	0.04008599	0.019285314	0	0	0.079999946	-0.04066138	0.040085994	0.019285312	-1.7806495e-13	2.1377009e-15	4.835155e-17	-1.7588979e-13	-0.081317306	0.08016661	-0.9614294	-5.4500683e-06	5.3729154e-06	1
0	-0.04516449	0.04456596	0.023547553	0	0	0.08500003	-0.04516449	0.04456596	0.023547553	-1.7804652e-13	2.1205142e-15	4.8401716e-17	-1.7589176e-13	-0.09032293	0.089125946	-0.95290494	-6.0530783e-06	5.97282e-06	1
0	0.0006321218	0.001666302	0.99822277	0	0	0.090000086	0.00063212175	0.001666302	0.9982227	-1.781444e-13	2.2152783e-15	2.2485267e-18	-1.7656276e-13	0.001264159	0.0033323804	0.9964454	8.471406e-08	2.23592e-07	1
0	0.0011263622	-0.0010647946	0.9996823	0	0	0.09500003	0.0011263622	-0.0010647946	0.9996823	-1.7814942e-13	2.2199336e-15	4.8358447e-19	-1.7660119e-13	0.0022525734	-0.0021294465	0.9993646	1.5098689e-07	-1.4273415e-07	1
0	0.0010913236	-0.0010316379	0.99969363	0	0	0.10000009	0.0010913236	-0.001031638	0.99969363	-1.7814945e-13	2.2199831e-15	4.7468706e-19	-1.7663656e-13	0.002182501	-0.0020631375	0.9993874	1.4628266e-07	-1.3828259e-07	1
0	0.0010582991	-0.0010003103	0.99970424	0	0	0.10499983	0.0010582991	-0.0010003103	0.99970424	-1.781495e-13	2.2200293e-15	4.6614187e-19	-1.7667196e-13	0.0021164564	-0.0020004865	0.9994086	1.4184889e-07	-1.3407663e-07	1
0	0.0010271878	-0.0009708055	0.99971426	0	0	0.10999988	0.0010271879	-0.0009708055	0.99971426	-1.7814954e-13	2.220073e-15	4.579298e-19	-1.7670735e-13	0.002054238	-0.0019414809	0.99942863	1.3767199e-07	-1.301154e-07	1
0	0.0009978584	-0.00094299635	0.9997238	0	0	0.11499984	0.0009978584	-0.00094299635	0.99972373	-1.7814954e-13	2.220114e-15	4.5003015e-19	-1.7674271e-13	0.0019955828	-0.0018858665	0.9994476	1.3373429e-07	-1.2638185e-07	1
0	0.0009701536	-0.0009167334	0.99973273	0	0	0.11999989	0.0009701536	-0.0009167334	0.99973273	-1.781496e-13	2.2201526e-15	4.424237e-19	-1.767781e-13	0.0019401773	-0.001833344	0.99946535	1.3001474e-07	-1.2285585e-07	1
0	0.00094395	-0.0008918982	0.9997411	0	0	0.125	0.00094395	-0.00089189823	0.9997411	-1.7814962e-13	2.2201892e-15	4.350933e-19	-1.7681349e-13	0.0018877734	-0.0017836769	0.99948215	1.2649672e-07	-1.1952156e-07	1
0	0.0009191149	-0.00086836476	0.999749	0	0	0.13000007	0.0009191149	-0.00086836476	0.999749	-1.7814964e-13	2.2202237e-15	4.2802215e-19	-1.7684888e-13	0.0018381065	-0.0017366132	0.99949807	1.2316242e-07	-1.1636205e-07	1
0	0.0008955496	-0.0008460387	0.9997566	0	0	0.13500017	0.0008955496	-0.0008460387	0.9997566	-1.7814964e-13	2.2202565e-15	4.2119566e-19	-1.7688424e-13	0.0017909792	-0.0016919641	0.99951315	1.1999862e-07	-1.1336462e-07	1
0	0.00087316346	-0.0008248335	0.9997637	0	0	0.14000009	0.00087316346	-0.00082483346	0.9997637	-1.7814965e-13	2.2202874e-15	4.1460047e-19	-1.7691962e-13	0.00174621	-0.0016495564	0.99952745	1.1699312e-07	-1.1051769e-07	1
0	0.0008518655	-0.00080466224	0.99977046	0	0	0.14500023	0.00085186545	-0.0008046622	0.99977046	-1.7814965e-13	2.2203169e-15	4.0822371e-19	-1.7695498e-13	0.0017036169	-0.0016092166	0.9995409	1.14133734e-07	-1.0780957e-07	1
0	0.00083162496	-0.00078549347	0.999777	0	0	0.14999981	0.00083162496	-0.00078549347	0.999777	-1.7814968e-13	2.2203448e-15	4.0205426e-19	-1.7699038e-13	0.0016631386	-0.0015708818	0.99955404	1.11416306e-07	-1.05236026e-07	1
0	0.00081224245	-0.0007671434	0.99978316	0	0	0.15500008	0.00081224245	-0.0007671434	0.99978316	-1.7814968e-13	2.2203717e-15	3.9608055e-19	-1.7702574e-13	0.0016243759	-0.0015341841	0.9995662	1.08814056e-07	-1.0277241e-07	1
0	0.00079377793	-0.0007496631	0.999789	0	0	0.15999989	0.000793778	-0.0007496631	0.999789	-1.7814972e-13	2.2203967e-15	3.9029318e-19	-1.7706115e-13	0.0015874497	-0.0014992259	0.99957794	1.0633509e-07	-1.0042557e-07	1
0	0.0007761343	-0.00073296204	0.9997946	0	0	0.1650002	0.0007761343	-0.00073296216	0.99979466	-1.7814972e-13	2.220421e-15	3.8468252e-19	-1.7709652e-13	0.0015521646	-0.0014658261	0.9995891	1.039663e-07	-9.818334e-08	1
0	0.00075925374	-0.0007169856	0.9997999	0	0	0.17000006	0.00075925374	-0.00071698555	0.9997999	-1.7814973e-13	2.2204444e-15	3.7924036e-19	-1.7713192e-13	0.0015184059	-0.0014338752	0.99959975	1.01699975e-07	-9.6038406e-08	1
0	0.00074309146	-0.00070169056	0.999805	0	0	0.17499986	0.00074309146	-0.00070169056	0.999805	-1.7814974e-13	2.2204664e-15	3.7395843e-19	-1.771673e-13	0.0014860835	-0.0014032873	0.99960995	9.953008e-08	-9.398495e-08	1
0	0.0007276039	-0.0006870353	0.9998099	0	0	0.18000017	0.00072760385	-0.00068703527	0.99980986	-1.7814976e-13	2.2204876e-15	3.6882887e-19	-1.7720268e-13	0.0014551105	-0.0013739786	0.9996197	9.745079e-08	-9.201739e-08	1
0	0.00071274076	-0.0006729728	0.9998145	0	0	0.18499996	0.00071274076	-0.0006729728	0.9998145	-1.7814976e-13	2.2205077e-15	3.63845e-19	-1.7723805e-13	0.0014253859	-0.0013458554	0.999629	9.5455306e-08	-9.012942e-08	1
0	0.0006984849	-0.00065948535	0.99981904	0	0	0.19000006	0.00069848483	-0.00065948535	0.99981904	-1.7814976e-13	2.220527e-15	3.5900037e-19	-1.7727342e-13	0.0013968762	-0.0013188822	0.99963796	9.354136e-08	-8.8318636e-08	1
0	0.0006847806	-0.0006465214	0.9998233	0	0	0.19499981	0.0006847806	-0.00064652145	0.9998233	-1.7814976e-13	2.2205458e-15	3.5428854e-19	-1.7730881e-13	0.0013694693	-0.0012929563	0.99964654	9.170147e-08	-8.6578154e-08	1
0	0.00065891835	-0.0006220606	0.9998313	0	0	0.20499994	0.0006589184	-0.0006220607	0.9998313	-1.7814979e-13	2.2205805e-15	3.4524063e-19	-1.7737958e-13	0.0013177485	-0.0012440379	0.9996627	8.822931e-08	-8.329415e-08	1
0	0.000554237	-0.0005230913	0.9998637	0	0	0.25499967	0.000554237	-0.00052309135	0.9998637	-1.7814987e-13	2.2207203e-15	3.0630627e-19	-1.7773345e-13	0.0011083999	-0.0010461125	0.99972737	7.417522e-08	-7.000696e-08	1
0	0.0004782239	-0.00045126595	0.99988675	0	0	0.30500022	0.0004782239	-0.00045126595	0.99988663	-1.7814988e-13	2.2208192e-15	2.7535995e-19	-1.780873e-13	0.00095638394	-0.00090247154	0.9997734	6.3970056e-08	-6.0364044e-08	1
0	0.0004205344	-0.00039677433	0.9999038	0	0	0.3549996	0.0004205344	-0.00039677433	0.9999038	-1.7814988e-13	2.220893e-15	2.5008048e-19	-1.7844114e-13	0.0008410126	-0.0007934957	0.9998076	5.6224973e-08	-5.304831e-08	1
0	0.00037525163	-0.00035401375	0.99991703	0	0	0.40499973	0.00037525163	-0.00035401373	0.999917	-1.7814988e-13	2.2209496e-15	2.2899117e-19	-1.7879501e-13	0.0007504531	-0.0007079801	0.99983394	5.0145577e-08	-4.7307548e-08	1
0	0.0003387679	-0.00031956894	0.99992746	0	0	0.45500082	0.00033876792	-0.00031956894	0.9999274	-1.7814988e-13	2.220994e-15	2.1110036e-19	-1.7914888e-13	0.0006774905	-0.00063909515	0.9998548	4.5247518e-08	-4.268323e-08	1
0	0.00030874574	-0.00029122905	0.9999358	0	0	0.5050003	0.00030874574	-0.00029122905	0.9999358	-1.7814988e-13	2.2210303e-15	1.9571427e-19	-1.7950275e-13	0.0006174502	-0.0005824192	0.9998716	4.121697e-08	-3.8878543e-08	1
0	0.00028360423	-0.00026749945	0.9999427	0	0	0.55500025	0.00028360423	-0.00026749945	0.99994266	-1.7814987e-13	2.2210601e-15	1.8233061e-19	-1.7985662e-13	0.0005671707	-0.0005349632	0.9998853	3.7841684e-08	-3.569281e-08	1
0	0.000262245	-0.00024734184	0.9999484	0	0	0.60500026	0.000262245	-0.0002473418	0.9999484	-1.7814987e-13	2.2210843e-15	1.7057602e-19	-1.802105e-13	0.00052445504	-0.00049465074	0.99989694	3.4974185e-08	-3.298664e-08	1
0	0.0002438819	-0.00023001264	0.9999534	0	0	0.6549993	0.0002438819	-0.0002300126	0.9999534	-1.7814987e-13	2.2211053e-15	1.6016652e-19	-1.805644e-13	0.0004877313	-0.00045999454	0.99990666	3.2508954e-08	-3.066021e-08	1
0	0.00022791802	-0.00021494881	0.99995744	0	0	0.70500124	0.00022791803	-0.00021494881	0.99995744	-1.7814981e-13	2.2211228e-15	1.5088127e-19	-1.8091827e-13	0.00045580568	-0.00042986896	0.99991494	3.036582e-08	-2.8637917e-08	1
0	0.00021391531	-0.00020173627	0.999961	0	0	0.7549992	0.00021391531	-0.00020173627	0.999961	-1.7814981e-13	2.2211383e-15	1.4254639e-19	-1.8127214e-13	0.0004278021	-0.00040344565	0.99992216	2.8485989e-08	-2.6864173e-08	1
0	0.00020153225	-0.00019005261	0.9999641	0	0	0.80500025	0.00020153225	-0.00019005261	0.99996424	-1.7814979e-13	2.2211514e-15	1.3502254e-19	-1.8162602e-13	0.0004030377	-0.00038007987	0.9999284	2.6823605e-08	-2.5295686e-08	1
0	0.00019050403	-0.00017964767	0.9999669	0	0	0.85500133	0.00019050403	-0.00017964767	0.9999669	-1.7814977e-13	2.221163e-15	1.281967e-19	-1.8197988e-13	0.0003809827	-0.00035927145	0.99993384	2.5343118e-08	-2.3898881e-08	1
0	0.00018061957	-0.00017032222	0.99996936	0	0	0.9049992	0.00018061955	-0.00017032222	0.99996936	-1.7814977e-13	2.2211732e-15	1.2197623e-19	-1.8233378e-13	0.00036121512	-0.0003406218	0.9999386	2.401619e-08	-2.2646997e-08	1
0	0.00017171027	-0.00016191708	0.9999715	0	0	0.95500135	0.00017171027	-0.00016191708	0.99997145	-1.7814976e-13	2.2211823e-15	1.1628428e-19	-1.8268766e-13	0.00034339775	-0.00032381265	0.9999429	2.2820188e-08	-2.1518678e-08	1
